

=== New session: 2025-07-26 22:33:59 ===
Episode,Distance,Reward,Steps
13.843979163516947,5852.852539616722,1000
23.18839819690765,986.060653620318,1000
4.128750150758945,14024.48096642633,1000
36.813447901159705,-3296.648153208881,1000
34.4840459783573,-3797.28949759194,1000
27.25201988857359,-777.5108063154692,1000
49.91278450281277,-4946.181553191975,1000
20.83207518556916,2726.937568515454,1000
38.21684183591804,-4276.669895035937,1000
11.299680979984462,7223.333366690134,1000
41.93688310304721,-5134.881585000504,1000
28.015587812435808,106.81165396577836,1000
48.43147454916981,-4228.460836548968,1000
24.87294263807341,-1560.4755167542153,1000
21.12677307457982,4419.000401300516,1000
19.8795832415187,-1482.8279368742653,1000
29.5197672435778,-1538.5151056986242,1000
25.708739211448904,-998.0365361102552,1000
38.28757508099863,-3358.8241224548424,1000
10.369887797953343,7205.942321472575,1000
41.75003399232824,-4021.6187358259913,1000
69.02681755322708,-8798.26395039502,1000
75.84718639454236,-8139.442135402643,1000
23.879665429700307,156.07478883675907,1000
63.091328855901544,-7938.072683545743,1000
2.9737451158551145,7059.1453640112795,295
14.793328590727144,7791.186287118172,1000
23.56948743881298,2693.87358278275,1000
11.930236843862644,2823.311903655413,283
44.03233462717273,-6831.155651772548,1000
31.847953453169342,-1173.5739433752856,1000
23.110695730135028,3226.795322290421,1000
27.1202543842601,3026.2976842433177,1000
47.75669482465241,-2368.2298455996497,1000
82.34049148623465,-8578.017514230747,861
19.087385462561098,2565.9681372139676,1000
26.639339579700298,-1628.8185287755957,1000
23.266380058413457,2785.325602659393,1000
3.504152444643522,14584.046985523686,1000
21.38303834180919,755.6973575412595,1000
45.26578074015225,-2909.36918738145,1000
9.41573238213419,8510.864893521426,1000
31.956946722617737,-2450.9657899226695,326
14.208374678689863,7953.534048760412,1000
19.149438448930223,4825.910626658351,687
12.981647389967163,8621.775232589745,1000
7.8259277439423975,12541.62352089576,1000
4.3352516069153095,10735.112568906188,1000
8.904981008571033,10008.308610683673,1000
14.73747746995126,7635.0049442390855,1000
24.69671562402676,3268.884307269543,1000
13.146835596661782,6224.874381817516,1000
2.9849293715588026,4254.599685974591,142
5.976688430559862,7688.543089722941,1000
8.263401446103577,11062.057490619502,1000
2.978508302328393,7522.6833835186335,317
7.558800761488477,10895.815347870943,1000
10.068733969963633,10951.97311249488,1000
2.9806024779722726,9141.211951786672,691
10.498657851431048,9275.808507326377,1000
2.9795456375874356,9132.332802258377,517
9.096223737627243,11314.556544260606,1000
5.603610252000934,11744.533491804472,1000
5.5649491219115745,11963.510227160841,1000
2.962292429169665,10702.683966485456,571
2.9302077703399347,11780.211507451739,829
2.9623991001594,11147.08556681868,624
2.9828245017479325,10688.176910444896,735
2.9965198373172983,12523.071162172844,665
2.9898711388376733,6310.042276437014,304
2.992104666068906,14149.571627731504,804
2.953173442239439,12673.615541057565,723
4.314156071058314,11192.83382012826,1000
7.871070277930931,11635.369642598002,1000
2.9769899048783577,6226.184855783256,242
2.97584294979453,6232.947912334983,242
2.947348981712872,1867.2158923564227,54
2.966210162905785,8569.91619135288,392
2.996084761326765,14292.96206162679,792
2.997649498334849,7480.678613538618,299
2.996639510424502,5073.480886115913,168
2.987111267689336,6616.144128591627,239
2.9643950854023786,14148.263946563184,990
4.29530203467508,14237.948697422475,1000
2.9696190134572795,10673.459112267636,500
2.994638955362838,9769.96633736112,494
2.9875783586528275,10013.467471181357,983
4.747359859487298,14869.300556697199,1000
2.955168361134045,6740.3895425514565,341
2.9840212211776236,3666.0217771614707,119
3.258841952762761,13954.35446877966,1000
2.953374369513266,6496.5920544475875,256
2.9900042509875284,15171.510220178981,881
5.310421229090761,12967.112023398238,1000
2.9762451272618877,4134.681574045604,184
2.9505452829905847,6617.8216172599305,311
2.9829811962543245,11697.791038604073,827
2.9912131698522413,13109.338607248439,731
2.999505808793718,10447.749646608258,470
2.998220659126222,9709.407752558971,444
5.4101746918365174,13901.562837635918,1000
5.73315152124245,13340.728814560418,1000
3.177543251717876,15206.524911896573,1000
3.7924224322576743,14899.846674795635,1000
2.971994118967071,9106.0700100912,590
23.93064953021538,972.2793696663043,1000
2.9945830388265513,10128.125493315747,563
2.945736126118451,13059.144814252139,712
2.9601350493767806,12813.543213158817,744
2.976239615646197,4285.20567294278,137
2.998268227030333,12937.971292863638,747
2.993775960926358,8725.158143206098,381
2.9771234789985788,6427.681765115081,258
2.9979723695325693,11925.459019808475,703
2.9314348630771248,5083.182827468958,164
2.9834599320834165,10526.801708140978,622
2.9609893279341657,8144.546963194456,419
2.981208933402197,6314.954420309971,232
2.967228729997692,9993.50989638776,462
2.974150109381823,9643.625601189246,407
4.720223614540426,13440.110457240431,1000
2.9925093194948036,11383.557494193741,574
2.988596076342142,4412.527325304718,194
2.95274546985481,5475.5919281534925,200
2.996922421000747,6089.672527315116,242
2.9955416458961275,11185.224009720498,648
2.976262994516862,8364.69582713303,337
2.978356607181342,10305.902268900847,480
2.948045392770305,13421.679440740834,768
2.9591163833128933,12061.605756286432,873
2.995882678772683,6710.522116806553,262
2.9614623128197746,9943.343741480385,745
2.9810025952807755,5471.450436376962,225
2.9685118220569944,12627.707682180313,682
36.53437735645729,-3878.0012316779103,1000
2.9950040514215437,8360.915318539077,433
2.983371392130141,16094.87717746771,956
2.9549889715547835,13048.383745701698,699
8.85580500697055,10684.172902221833,1000
2.9905910362987207,6665.909899932994,239
2.9536009060601955,6868.46563813245,308
2.982005270335943,14892.481322711796,894
2.9696728457780424,4489.660649829262,150
2.946134823121874,7140.311067803053,313
2.9863929162642773,12628.86603777782,642
2.9530462465835465,8310.17514741899,362
2.9742681869605305,8727.574069140472,407
33.82376281659063,-2678.7816534270173,1000
2.9394396096345616,9311.461159501772,534
2.912578944166533,5304.4684357734395,219
2.9453076771137274,7837.806768570229,447
2.9905054582560027,11950.873293464292,742
2.9969845685838568,1219.988701270304,30
2.9633384265250307,10968.310983267434,509
2.9434264535941446,9709.836594596054,734
2.976252982685427,7696.952602790758,319
2.968162805232393,14559.097850816777,905
2.9446619258328366,7758.496614338927,406
7.835599569551288,11915.101347144599,1000
5.677295543095969,12236.765949878089,1000
2.9675269454613495,10274.797926725538,539
2.9762251589103648,12049.06378812915,644
2.9454796603564137,10613.621698431216,556
2.9666811295582267,10473.927365008603,494
2.9366163284412767,9985.551443386403,435
2.999507992028019,13176.42223331948,764
2.967490690944808,8649.449573685468,398
2.9922963115871997,7064.748357193158,281
2.9909019795455656,10515.887375099193,490
2.9797298978205173,10354.632584071527,485
2.968076736874088,9211.435859113635,430
2.9841557881933287,8322.502310193442,369
2.933599350289422,6250.046720408223,242
2.9906960443810093,9187.355603973518,393
2.9702500471137605,11093.223747478112,497
2.983870882730658,7725.083040656335,304
2.998608408395751,7255.266195609519,356
2.9602414918276336,6018.815644291265,280
2.9621031182899134,12248.49548974727,637
2.9908348952437107,11748.280105861784,733
2.987813426376756,12581.867349720655,689
43.46016886807816,-2704.377619735637,1000
2.986848342059676,10635.230388519152,733
2.982251069561347,6332.923920993314,247
2.9807406203698594,10218.149459732682,416
43.06141437358927,-2474.1975759667266,1000
2.996053266666743,8190.898683357141,321
2.987977609978376,9815.007487047455,490
2.9930154000305906,11967.66448797933,592
2.951088319468028,8119.264560905358,409
2.9857342520848835,11822.148525674991,671
16.21046799129494,5320.592168743392,1000
2.9129176903120966,7146.192250846225,485
28.790393966582826,-1246.9143970799582,397
2.997175136927459,8417.196346870338,374
2.9588070704854244,6135.635994049886,503
2.996535780330895,10982.354093596923,521
2.966587031742112,7283.479914814303,299
2.9946612343285772,10401.31339456608,646
2.9846296056615804,5757.261196797295,211
2.991566343538349,9312.789283868791,436
2.989353942909749,12067.801914007066,689
2.962119465042228,11852.938771657053,931
2.977624846264878,6720.856023242056,267
2.9728066623203566,12614.410120586257,640
2.944929932049579,5522.916269864285,187
2.925618377955517,11982.590015227079,605
2.9960278566947123,4300.936502434504,141
2.945361120783037,4706.03579541804,185
2.9945905067281844,8536.367075427477,365
2.947336655432649,9107.954375197889,364
2.95480517982474,5197.743201701711,197
2.9976418304164767,12311.37187215339,687
2.9649788998553674,8761.259535952146,407
2.954533045401327,6741.1545386502785,257
2.945930823154397,6355.670597367777,285
2.9414717153668484,11155.882778412424,610
2.9670946224384793,11373.01319799749,823
2.954601950953199,6867.635078767533,337
2.9892356726169376,4644.937443648354,163
2.9703039224017744,7581.442460981342,312
2.9816851936987194,14739.178176165227,899
2.985953931691527,9662.902436401899,503
2.9791833766150364,7741.16725839674,373
2.985745656874138,6753.230521073428,310
2.9980693085354893,7728.28360791222,366
2.9972195942715762,13022.99986247101,758
2.9743296528285788,7425.319437459249,290
11.224110547232003,5227.004066699151,493
2.994339304021982,7366.752225874985,295
2.958795323877668,7525.6984029357545,310
2.9538883925047474,6157.3250675804065,250
2.9446863447515277,9506.465245814237,413
2.960312476987473,12629.193424982986,698
2.976083917972747,9367.352618437988,817
2.987120165977222,9131.080571752245,469
2.9946385788117884,10994.722344858497,583
2.986669195150713,11017.883738413384,522
2.964195548668187,7963.761855274628,381
2.9764297811469564,5502.011728998892,191
2.9681729525127047,11787.526272307752,668
2.989610970453934,10315.216894968176,814
2.995635335261588,13445.089486690582,825
2.94656715940062,8444.168508092218,450
2.9973970543699116,11572.629792151361,578
3.513427807360284,13818.116761213445,1000
2.9876796070539724,12488.491916966417,753
2.935893841273373,6156.004973829375,260
2.988940689894917,9853.425908809304,465
2.9954010469506516,8723.728881301906,603
2.9956208811005354,11464.819876567586,695
2.915332742327858,11244.873048726262,619
2.9378566341092394,3868.51855767543,116
2.9433512357136418,12317.994833704364,641
2.9776167321230127,8212.106908243686,767
2.984939129586827,7262.512554862475,328
2.8936096530691064,8881.028337827152,633
2.9607765919784486,3543.7504178392937,180
2.9766252760649805,5938.983363865074,240
2.9977357392573087,12571.773545906988,665
2.9565963692342496,3181.4858610897695,93
2.9515742064656,4664.6233350779385,171
2.9812167999023895,12113.886557689402,638
2.9453252878022456,6242.549105512211,257
2.981507520566225,6553.47087341106,292
2.975806953900439,5048.434773073498,174
2.974588409145963,9172.149702574996,479
2.917323495237792,6948.671838579653,263
2.995846098566679,7873.2155687342165,429
2.948951914329356,10552.530027380033,448
2.9862790401835695,8421.29874842886,468
2.9722096009297214,5618.200465324821,194
2.9627935535102314,4560.6330154720645,161
2.9923319836552444,7325.179370419436,297
2.9537784350188834,13101.143097360295,719
2.9844707982827012,5215.15213240808,186
2.9688715185496126,10391.684754915656,522
2.985348801067598,8203.981207320554,364
2.97466045122575,13413.246300277588,843
2.952992584789749,7925.684049851714,419
2.9688166708148684,12141.748881506346,718
2.0292374005566858,500.0,1
2.943848907392453,7947.172789080148,377
2.962606606946825,10842.024692299938,526
2.9935511208819494,7493.270071684579,392
2.9578981781160953,7944.046070476697,318
2.9681812431917924,8905.200001136333,491
2.995650327913764,9686.046484008388,773
2.9741193543251536,11585.275490410946,715
2.963090681564342,7389.160176227883,486
2.9737483919283987,12386.211254345648,658
2.9235347474780538,5364.253654340555,215
2.938848338307278,6302.09738910617,242
2.986558414299077,8378.822844774419,486
2.9893118888535346,11279.423163995454,589
2.9733622145954794,12468.52085428093,695
4.133666694958086,6776.916619567487,433
2.9925227700235353,9624.84297978571,402
2.9413064013962162,11844.663713995353,629
2.9677795332024277,4509.840728312141,188
2.9236604515359246,5073.440701866474,175
2.9861273118391978,14685.838835062654,865
2.9967527873479063,5263.738482848864,197
2.980653352389657,6578.750727998122,236
2.9873141910878993,13334.272638220236,752
2.972087716343279,5501.33039853767,215
2.957892825315259,7306.9358169477355,285
2.993449346734777,8267.497143861838,361
2.984476756309464,12849.622222201555,731
2.9992736319537894,12087.539863237576,782
2.950352349374795,13302.212110793454,792
2.984210266672607,12636.13183166217,652
2.958966562985063,12694.280999000117,804
2.991590972275837,7812.378068783208,318
2.997517693654354,10137.909470299197,621
2.967688746489999,8373.27727643564,458
2.9560815222173074,9586.405386108954,537
2.997617709527775,9189.105499119052,413
2.9416501372521466,9156.376246897982,410
2.942095793991875,6036.795146662349,311
2.9963638812434317,2987.946692833901,91
2.9240734633737575,11388.662780229943,594
2.9751794202099506,1287.9685013287358,37
2.9926138704700014,8482.029472578157,378
2.9996798859716867,8585.279812722998,363
2.9856773439949755,10765.531258723417,502
2.957984577921468,6874.5865344336235,303
2.990360043421677,9082.504122279495,416
2.9957645209752073,9072.621747573756,602
2.9914924434750985,8588.286438695563,421
2.9885523872325535,8025.700231884531,322
2.965140091183206,5395.027166453559,207
2.986766120134265,8983.364703835223,408
16.178730466189194,3223.3822437264043,321
2.957915388749397,9440.2244532542,405
2.999405677114302,8162.2267419469745,348
2.99009965953062,8878.01155801385,363
2.9826192587272655,8405.87471597376,536
2.9784681287014223,13079.926267356981,818
2.991687106310788,12292.358210721191,627
2.992541348853551,12365.676753992313,715
2.9977521011333046,12466.604686247383,698
2.994346783364736,7247.066589461017,332
2.9907370353686136,12814.386871572515,769
2.9785560297198006,11558.089696359577,527
2.985301515892076,10672.265700079415,661
2.975702434751575,9054.264827455438,432
2.9137252164924345,11089.746180429243,655
2.992857357439511,12044.855009381647,714
2.9793158865290943,9696.464312908067,417
2.9812064262437876,10437.55681586398,541
2.9800629883688554,13075.909469457949,869
2.992737919255045,6245.25348158579,273
2.975295879105986,9337.589795210686,420
2.954488090548899,5886.4370716198455,245
2.9975087933072753,10077.156695073721,483
2.9821816293533003,12358.191543844536,807
2.990713453088327,5264.542072603329,197
2.9988031509715403,7372.525909409894,334
2.9985388800006834,8283.141227580483,350
2.977457029515315,12517.976520013608,884
2.973980122157528,7374.254923092909,325
2.928613713471498,5849.422313433232,223
2.9921340668055896,13523.681530222486,787
2.9581748155528063,9549.749527317565,487
2.9941714349404904,8785.583511401615,443
2.9989573157942973,11929.071104446997,583
2.994759586268891,14681.273856649743,894
2.9532701950991713,5998.073513739439,219
2.9824225174294763,8556.583427810903,414
5.397916149631026,13229.62099722078,1000
2.936894042835481,9480.462735839985,463
2.965363059097935,9361.078768520001,467
2.906033213763254,3490.2117095263816,113
2.964226117979303,6163.571997074615,313
2.9655043122877975,7673.540182236315,331
2.9925372309938165,9757.890463831212,402
2.970521577865463,13527.642026446072,748
2.995970798961602,12296.650769996733,625
2.973780138541165,13149.858878625235,758
2.9739535977825513,8162.048734686228,324
2.9869099524193197,7986.628488004928,340
2.9952888522513947,12894.575033447663,724
2.9918973118774645,7198.904929025018,318
2.962162393304503,10109.886812438204,536
2.9977436882394692,11536.00043692229,650
2.9628263361591967,5720.518366423349,228
2.976134732351366,9477.612016789855,401
2.9889347791776015,7133.69128765462,340
2.931544001554482,6225.974366723619,216
2.934928854015549,8243.88900009865,379
3.643213033426153,11916.909089869418,1000
2.9351653273292473,4599.7366448548955,169
2.9949690683033725,9707.936159420367,521
2.935250272722484,10376.651040110366,588
2.971645834269237,10303.00569598416,486
2.9927972202208757,8153.638731291114,602
2.9764580263084337,12475.791384951086,734
2.9626002560955964,4221.021118334455,148
6.001201404877637,12316.365377987606,1000
2.9815204195578495,6683.3058596918,257
2.9913242827993356,12809.239854072732,682
2.9957046503634897,5232.539762621584,186
2.985310870017767,11468.264549396155,591
3.6380092010359593,14721.934941134119,1000
2.978234455400972,13880.43039467272,802
2.9738416026184895,13361.889202039705,699
2.9388110700622567,6470.266337401243,245
2.9550029926935943,11167.270296954184,532
2.9921489298131583,9560.499630952532,758
2.9908863936538292,12244.666270407797,715
2.956368423190943,5378.859301044134,177
2.9814330766803567,10000.047973673938,491
2.9722221751026865,12229.340208871561,611
2.97109914161273,13081.686365000574,789
4.021096091786112,15785.570649193467,1000
2.9985617060630396,15976.521177708857,947
2.996349052959941,8036.699690732742,345
2.924142217482623,11677.314358595704,681
2.9763250904145924,8347.1309024037,393
2.9951038078902856,12353.32444312821,643
2.9933723193008857,5427.708976414179,187
2.9799471415830276,8442.95830394175,357
2.9979736930111884,5689.249304581301,211
2.9847143464816055,7910.3268281065975,361
2.9974740947736587,8556.609997643533,485
2.994168632191149,9904.740332394718,537
2.9792990134110515,11300.551796755346,582
2.9845631797574135,5693.532522824538,216
2.928190055114414,4673.018779385076,150
2.9952775052506357,5835.46085916402,213
2.9915900599447784,8297.380617703104,456
2.9837791727369365,13580.235450792308,870
2.9831585385259074,6609.516543651586,278
2.9941532969251825,6226.59686295969,222
2.983356729002429,7875.9920308045,382
2.9279501957755785,7309.55361638872,283
2.9773131904415924,11089.580837025023,552
2.930786112923552,4849.40195125558,181
2.9685462691561217,9890.887822551664,578
2.9810742954374385,12214.204130590126,704
4.336507189539884,7874.301955256138,1000
2.9748402361965094,6491.506684762707,242
2.9479392275706835,6062.472920843812,237
2.9934769205662826,7311.312363941891,289
2.9675117408889786,11881.172084149777,628
2.987608502756224,6085.682903321007,221
2.9758920518657916,9872.898431080795,521
2.9854268028447213,11789.457806961402,551
2.9844096344781548,5538.239256723852,259
2.9903464479634914,6246.078502296418,231
2.9813584597097487,8770.441617971317,363
2.9634682516430173,9495.207500456801,657
2.977223955136001,10000.333366384686,486
2.9715253294457775,1371.702087920173,41
2.9954967111946518,2349.3888138065013,67
2.988430467414017,6642.670873796413,270
2.947524479634934,6872.728147672533,274
2.9990990301008944,14140.273614204498,865
2.972986874480426,5421.91438340282,185
2.9804261972573047,8990.793584209105,377
2.983734522910357,4301.178486700102,140
2.99803351999867,7595.6915972977995,300
10.838516656555031,3538.2369275545084,449
2.983719917471891,12862.37494726303,759
2.9980997473204063,10839.429699214435,636
2.99179521329813,12168.31984714902,653
2.95374449545313,11387.009895343454,604
2.9858965136848985,9588.515987763854,465
2.9760048008865283,4284.702845847338,133
2.97155889632476,4039.8743591041857,120
2.9516884013218747,14181.997519083116,803
2.9736086266735913,4570.809243943476,148
2.9816474434827542,11713.527854068814,631
2.9575707644167015,13042.034114343074,780
2.9615211990713317,10543.908006855158,621
2.965041999931017,12927.38392486942,708
2.963080502823025,13007.178732372471,776
2.991966417487874,13044.333304296282,738
2.996342646420707,7081.359396496281,294
2.9938274814297543,10368.33775026129,460
2.999198690243907,8992.62242905984,380
2.9739374495157818,3105.7908989916623,87
3.319188954102767,15313.995699575633,1000
2.9809574234774625,13083.31567530515,750
2.9986538768809248,12624.883518038854,666
2.965398878146199,9008.97812765387,545
3.6156521204675274,13592.277689917284,1000
19.508562616139372,2699.3705962897316,556
2.9746353893871342,7070.397003525579,298
2.957593245682716,12186.118325627518,642
2.968543275965917,7877.520542384286,336
2.998691338709174,6565.593539871292,268
2.9897449182161435,13065.98773801825,691
2.9925632739650463,12314.89897984151,715
2.961176979442307,12054.06785892009,610
2.977221420809591,7558.289789947456,354
2.9419550312149894,7753.090960796496,339
2.9846708857554067,7593.263547133559,293
2.97360232599262,9142.732066712326,512
2.986830055549761,6184.656325942265,230
2.992871372383426,14023.769311187685,824
2.969083427333724,10963.360774613271,582
2.9929707136399237,7144.249234332669,290
2.9982480983423194,8711.209441340796,431
2.9678423762245876,9779.362841162481,576
2.9394394638642303,9663.916081752779,401
2.992021589161188,7755.346888447957,319
2.984542286899502,12202.613709766087,694
2.9957183402832404,8886.249946181755,417
2.986055983900753,6676.001644410054,290
2.9903361137057014,10632.688175508621,557
2.992428151965696,15531.59147560344,950
2.9893650755319277,10488.449384054094,572
2.9951495596053697,13143.193161977828,770
2.9655909964393863,12344.25747739648,698
5.623910683955819,10455.975528565885,659
2.974718470516037,11770.456812750015,633
2.9888714586565936,5767.004430651338,229
2.998096463311977,13828.049505798459,865
3.233212367473383,16884.778152200495,1000
2.9974408141893436,10715.010432964193,539
2.9987439226383623,7507.444831925164,346
2.991181089758195,9237.008385002719,457
2.993904416704996,10315.258654939877,528
2.9743519719545373,7275.712213931035,360
4.145154356446597,7204.387122486501,551
2.990569979978482,7494.087016876296,319
2.977708768200164,8071.7297134038645,350
2.9972399337614912,9776.666084125462,505
2.9952616354710666,11072.570637789202,589
2.9630184200158003,11327.869470924146,602
2.981637384572421,8817.514584283581,393
2.959586705600876,6157.034411383314,242
2.9990935929514064,6443.531662231276,248
2.9346696694068823,5974.434153140933,246
15.608258903681167,2620.113301860726,246
2.99699539557282,15046.812383297553,949
2.980569492559227,5261.909930328174,185
2.9954632286778593,12690.946297792869,738
4.255086946233908,13854.526498777372,1000
2.968885893641562,8034.90465297365,343
2.9616887952068884,11726.487895003169,599
2.948104336259358,6823.8400941761165,323
11.057366285576231,4799.710334658655,499
2.9477667475508507,13061.462866703261,839
2.9937775300902585,6462.259814054647,249
2.966649653417891,7145.638948148998,412
2.941481350725513,7927.318097346615,710
2.9912390583680843,3852.680541522475,121
2.9527534280469263,11076.66601086229,619
2.9882140463419136,8228.717660885943,352
2.946235067753903,9280.294138587185,437
2.9618008183018705,12239.211072121414,692
2.976233817169834,8788.134436207376,452
2.9929317295091744,10765.952078074453,547
2.9652484021428327,11880.960552289962,731
2.9849238663689337,6220.558291409222,287
2.996588464275938,8427.38936801226,364
2.9878692529669544,10924.813331223648,598
2.973929247108322,10542.687136805509,515
2.9544135813531645,7989.958636280665,353
2.9718495414040196,3245.3457831193546,99
2.9946818044161367,7072.810573812938,306
2.9681386182292218,7515.180432064008,327
2.964390137735029,12436.664846333995,699
2.997922179190545,7807.445244671928,315
2.996765819421094,5370.119453806622,192
3.592998338999107,14918.947253232845,1000
2.950794644743842,6107.5739840804,237
2.9505631653514244,10250.314554151215,614
2.9556708374869145,12499.860927979731,865
2.9513958348211062,8634.771339375475,365
3.6469050039608484,15380.289609221943,1000
2.9601188654442456,11488.64139712172,768
2.9837294210954655,10486.114780178928,486
2.9759506166656555,9716.919634552405,420
2.996822573113373,12367.220703203258,745
3.3939708928906906,14727.630649697634,1000
2.9734129172999344,7208.270437778226,328
2.9701834102577425,13128.248038981883,737
2.9905622927880833,11508.478366706988,634
2.9938325584353627,14333.02271540124,760
2.998967701169052,6405.67150022223,238
2.9608609916894224,13868.78546426797,789
2.980056733627299,9602.094503879198,466
2.9998282848410516,10398.029515398086,499
2.961388390906246,9361.887901201108,449
2.920403762001106,3121.8761496325196,97
2.9823843526670455,13136.72388375057,746
2.9989958370757615,6450.35965140431,290
2.99663390741455,10691.888391278946,527
2.967017105705893,9540.624230259005,391
2.989786853119625,12265.414482447408,717
2.9361815660717476,7554.532729762168,297
2.978707123109173,14642.70786490487,925
2.968525275058192,11980.750657026214,757
2.9822335982610295,5520.199477695032,213
2.9959588628558342,7198.029487662738,336
2.9542515523895956,7170.085941961543,292
2.981311160850814,9061.907076344052,419
2.994754567256906,10872.346872730852,543
3.027853305512878,6589.239200459945,364
2.9949196715908957,13143.14546671711,752
2.960173462308629,7595.5291913505525,339
2.985958575893611,14326.362583979424,863
2.951713667161193,9099.357150076132,422
2.9997947750685006,11361.579852420025,655
3.8591994624457064,7809.874931025279,442
2.9905194303999667,4137.563036853857,170
2.993001626346314,9222.750719812671,506
2.993473541700039,8660.799524526836,370
2.992694613133512,8091.1793955409385,504
2.9910138919869937,5676.64542045729,204
2.995330097111773,7464.041380098536,356
2.99862581049399,8950.765616072582,369
2.9763257842344646,6109.210611641041,227
2.996694251609813,6185.302304566517,277
2.976972365577984,12638.1132533403,715
2.980606648020246,4995.314283622547,198
2.99203773776736,9741.640247946534,450
3.8274510215018465,13736.389651710922,1000
2.97779061717097,10216.605835023822,461
2.9998836820089156,9602.449267233716,436
2.9947060978822417,7018.110430576308,282
2.9625418201213156,14461.420232101229,805
2.981830196146007,9151.632864883046,488
2.9981671483070693,11085.102848688524,571
2.994971778597539,8126.669398868098,352
2.996819878382296,14580.483004646707,876
2.993343379859074,2762.358496535352,79
2.9169692447370315,7381.911040624953,352
2.9961753149156034,3570.528245360316,115
2.9968871632664427,8779.797142194073,403
2.9939972508904593,8359.097541067244,358
2.9541161428194367,11761.174369840146,558
2.929455874983553,10534.656741616256,559
2.9803030879470316,6591.455536882425,240
2.9302175178982885,6680.794586535096,259
2.992718064260957,14113.525676852703,813
2.979816097030219,4915.157852896116,171
2.99500887727048,10824.268336720701,606
2.9475416459628363,10079.329734294137,510
2.996334997427765,5332.665661711265,175
2.9444317495374355,9618.912170848604,491
2.999391880696011,15515.906513453869,948
2.9903856201784516,13598.474933310832,759
2.988551783237174,5937.180482156671,224
2.98536595315776,7515.016961705742,312
3.8881308393368754,6707.707882232982,378
2.9862536280038894,3086.676751482766,86
3.832661530861826,14519.267677148615,1000
2.9979317988804604,5710.704542167241,213
2.9820642246872158,7674.128527214455,285
2.998972472257817,7275.940904396475,317
2.993827239596652,6891.76166767851,309
2.9922533080975167,14802.5760077168,873
2.992297791325282,9767.819307044821,455
2.984215341551735,13316.807885933542,764
2.9550975249988096,11379.37274504567,638
2.9675210362839084,5166.667494529045,197
2.998162332797234,8379.830911275589,379
2.967561477519451,9563.343003879776,474
2.993321500317257,6398.4808240582515,263
2.997613062253165,10125.043955254976,507
2.9874458071486365,11267.630138122478,517
2.9825786920878397,13984.43230195391,828
2.926106694454152,10743.027368795565,557
2.9704106001946013,9003.69066280681,482
2.996733983446071,8776.761869936803,391
2.9936275077415853,6585.744696173565,269
2.9871792588712784,5021.843719030975,171
2.993811748225973,14311.279828639628,871
3.9276019928131127,14489.595486863598,1000
2.997844724477997,7151.6591654104595,303
2.996738113730029,5015.643756331542,160
2.9874523782893068,10059.50574556668,495
2.9840691743517445,9007.563975977831,456
3.6215067354272237,13931.243532030343,1000
2.9926112439039003,8886.013292388563,466
2.9759132598754556,9972.748085524028,457
2.982290488531451,15179.201431045842,918
4.358823124690428,13947.305453686651,1000
2.953939278963639,9286.039716791327,472
3.4639628414677635,13650.558901467773,1000
2.9887596344855116,8257.772631436372,390
2.9777309866219004,10218.634195828185,507
2.9997098272558813,9897.907669447219,504
2.9916468072010503,8039.017132765813,336
2.971770091553525,5622.495668363144,197
2.9468305794683527,9878.44053285397,479
2.969252945898021,7214.630853125944,307
2.99924745915369,7094.094571893167,309
2.9919141697545375,11594.468552213604,565
2.9947966587263486,12309.987636691993,662
2.977320201209526,15533.531425509296,917
2.9849644668468525,4802.374397560614,160
3.0781846815876848,15867.726948852902,1000
2.9624099722470123,6323.769384024643,271
2.998844180268588,3527.718470366468,105
2.9721862437283946,6123.524603634559,237
3.857320523533344,14197.02123740379,1000
3.991969330777399,15034.282934990295,1000
2.985324141086798,10242.489115565115,511
2.9718577894684572,6036.027395807828,227
2.9851187546438323,6865.200669174266,286
2.9858609084839345,10175.870537584417,481
2.988696875488428,7560.030556978123,295
2.966685738778112,5661.135701728771,209
2.9910000876137914,13629.963069459936,779
2.987981133390225,11317.91296144551,531
2.9929753733849283,11609.09618622065,650
2.955501590355647,12440.47273144566,657
2.957884673966582,6746.043528426047,352
2.9859645010202343,8191.274668341503,324
2.951725602368505,12844.65906036884,695
2.9789186364555036,12651.57664918404,792
2.9509996183495386,6618.86521581315,273
2.98025135852106,11314.691145902296,626
2.996019254011918,12851.96709179875,752
2.9818036863511495,12254.394932379102,615
2.9967200430067127,9527.5737329602,469
2.9996178793089983,8621.849479967543,400
2.9831790115721826,12781.034479545562,739
2.9828860359572,8577.89993438674,340
2.9899027886493714,8936.794031220168,420
2.982682382541831,12439.921073984273,811
2.987892478639001,12307.113379405906,658
2.9490867979799846,12212.249277659253,629
2.981469447903676,8645.953483872006,407
2.969999284432439,9018.093056861646,489
2.9393299163244,3858.4732828772817,117
2.99624519669344,12030.498861433629,633
2.960308120301637,8422.112594135355,334
3.657404388102214,14279.801791613116,1000
2.969070855131853,11552.04771272565,594
2.9726908554479436,4675.323091721145,150
2.9472762626266835,7677.247755480307,326
2.9854272503770187,11069.252601428025,522
2.9716742460727095,9862.650035765357,521
2.9988108141768266,8310.373843872992,366
2.999917588516226,10063.60234189858,437
2.97738537740196,9552.01885807571,493
2.9834299723639175,7782.839893985091,315
2.9576714816147516,6327.426261172742,232
2.9941911763813764,7680.06237252364,312
2.999918403753937,8684.002780499852,382
2.9263125275293644,5847.738563787792,210
2.981818226169626,6806.671352803751,239
3.4833777549929286,15335.261778586482,1000
2.9627952296130107,4637.983140285664,151
2.995417418189818,12042.263403357443,648
2.9725340028309253,7090.990761106394,283
2.9767868064572385,5008.364117272505,171
2.9964273902534204,10737.380773052417,541
2.971492417997866,5598.99019837234,187
2.958765803364943,7923.406948857151,343
2.9895330335821573,12827.392931810324,717
2.964401230153079,10323.8134076463,502
2.992261314360683,9361.877365486835,418
2.968079199989263,8330.016460379104,365
2.9387878954126867,7107.31474833551,281
2.960719524920664,11750.523284571722,666
2.9803201735433267,6747.155836124557,266
2.983953771192148,16339.907880055132,998
2.94222426607548,5595.901514470995,200
2.98617672452754,10744.883745322237,525
2.9598521545695125,6438.508456151307,280
2.962504411354961,7357.406579647548,312
2.9864475522377774,11047.320613747188,493
2.950085208405195,6698.313872203828,251
2.9712792604008262,6853.619150876839,262
2.991542732435923,8767.351998423606,440
2.982514941258932,12994.061835442266,755
2.992784199169241,11729.064274022516,582
2.973672890407669,6511.843881520375,270
2.9484875788245404,4784.099445990663,163
2.9527864726987048,10459.424572343207,503
2.990921540028414,3986.1503300025784,125
2.9903964496769815,12551.308456919478,628
2.9694491037527384,7232.346245055057,258
2.980275758947242,13080.058750121836,717
2.9611318116781873,8384.489435030693,350
2.9750763404773157,7916.370516541809,373
2.986252370329243,11402.873824621673,599
2.9663144727977455,11817.241486837396,738
2.970756140638811,8096.7710674136415,424
2.9786086945158705,12065.215559947645,675
2.9544708357976925,10847.83038619461,526
2.984951253856983,9999.777162298953,494
2.9957490969103104,8411.793623483769,357
2.9889603797483124,12411.5642334912,681
2.9881224981896493,6894.487491661934,314
2.9679212643524115,12001.75446408921,751
2.983513514714317,8065.828383677605,346
2.988115944363546,10313.044563744212,522
2.956392994921806,8627.775893190272,377
2.9967465182693633,11921.463637512486,690
2.996422605643079,8991.955622037993,380
2.959191835821278,7409.8364580171265,387
2.9658619370013093,7461.1641813419965,335
2.9839968549805618,12053.614654898563,714
2.9652759360992302,6425.10720093578,244
2.895184166674396,5344.105541233657,189
2.9855253252512526,13656.371260791531,798
2.967451668521805,6189.788365940991,226
2.9717314062192237,11887.614120699876,634
2.951001214853229,11726.154859327768,625
2.9931271938834887,11960.541273231196,647
2.97883252992504,9031.343902965815,383
2.988647092507123,10183.265347739652,483
2.9984303133126784,6816.921602024098,332
2.9956470201644443,6661.0018720153685,266
2.9601053478636747,8806.505812377778,382
2.9785567043786307,12683.012640346753,735
2.9933954214468095,7614.602083906877,318
2.9993823375534756,7945.86954854125,307
2.9922060922066236,10813.93278782442,522
2.9992200426894646,5061.819808199752,172
2.993631595286202,11103.388937275733,598
2.957893406476089,10868.531403891504,618
2.977401935510176,9243.785223528837,415
2.985153758426433,2633.2305934660644,72
2.9961003178088985,8691.480183323521,375
2.9995323606193804,13291.11802061477,776
2.967709085940762,8978.269464849385,410
2.984509139387672,12483.997374077642,765
2.935376843059107,9444.230925201331,541
2.99917195062939,13273.948957675733,752
2.996864267188069,10585.908191170645,636
2.9953637326025326,4363.144075298522,141
2.9825108184925626,5276.053382654137,202
2.9950302553828294,11519.872263501364,589
2.9699927236155075,11662.847499641046,582
2.9861232951840098,7240.577050299938,308
3.27784713306222,14676.986335985486,1000
2.968578615588532,5140.1488389259375,177
3.273081041473698,15229.932481740587,1000
2.942655543073956,9642.715107112748,426
2.955352603101328,3300.73091165318,98
2.989540042790595,6092.589072851455,287
2.9944916199251215,8275.705192472878,440
4.06383625142843,14254.852534948057,1000
2.9733183134343903,9310.431656696426,415
2.972153370346245,7200.391584771729,350
2.990988021787608,9765.806166593376,431
2.963060120658349,7979.464888928773,316
2.9834321184091976,9190.727208654018,503
2.991676332074122,13553.78126672882,775
2.999824781898998,9687.995523608402,447
2.9924832505011465,8959.185084136907,391
2.986347892534329,11301.323318025014,515
3.4884697193681875,15540.599781791541,1000
2.998247976035681,11616.698857139243,643
2.9950616333567943,8160.634782272826,360
4.618136082298659,13800.88611044759,1000
3.7019591157711553,14721.50878099981,1000
2.9495377427868363,6958.238428878467,255
2.9782379377165844,9337.72837827221,415
2.995930286947623,7096.43905989007,302
2.9894898520488793,9918.796269523882,501
2.9857622732265776,4674.67908165301,156
2.9705336751008233,7995.701751757067,377
2.987376235246338,13248.925888547348,810
2.9959164030146357,9805.847094816616,445
2.968686396958093,12519.900307962895,825
2.991672763894178,15166.001009348825,860
2.9529703707902026,7313.183707394736,296
2.9902927989320274,7024.558909539715,251
2.9515868630367215,11613.134731101065,648
2.977491795877387,7640.662698898795,377
2.9982500867930977,5578.812904111998,250
2.9988334000345773,12118.116586238608,735
2.9929702842006862,6939.734772183901,259
2.9816054814509845,6253.736174181072,232
2.959291023106096,6972.958046966469,272
2.9604076505895347,4525.020302511342,154
2.994364459023175,11014.883816632526,568
2.955403909944017,7823.928948116968,363
2.997405753441411,8769.344622911332,411
2.990131936105566,12449.877320487814,742
2.9839731640496425,11946.127641448626,617
2.9979228553263044,14017.499069450187,818
2.9965273614050694,7361.082482553999,293
2.9649095272565127,9980.629497827675,455
2.990633615359589,14624.67596636227,802
2.9295666056693674,7714.05759757569,304
2.9727624911689245,12536.980066502367,703
2.9993255720635874,5131.332689867264,167
2.945568136122564,9046.34379262401,436
2.982266278727781,11960.894231845134,599
2.9950270676060398,9129.221601505496,399
2.9697697658454634,11096.60510123131,579
2.9857823975594364,8742.979575553112,342
2.993421021111167,11978.995601512102,671
2.995810709743535,4736.216714993587,157
2.996617855789719,6233.024194646051,229
2.9825880499797766,11207.412044934155,525
2.990446071392783,10143.671918430537,566
2.996828892199553,10550.21023373633,521
2.9636848171295687,12718.040726470992,655
2.995160678613769,12044.106749966457,624
2.9990667573559855,12364.774161372648,584
2.9731358552620395,5981.98221706761,225
2.9663824681925286,8990.297412320804,391
2.994403084132715,6513.2572303171055,247
2.995231647921705,5648.663146522191,208
2.987471778420685,9857.918841297656,476
2.983014096582186,13876.950428761827,798
2.9608644729425246,13535.31203684123,813
2.984172781935832,13302.319038125723,758
2.9788944927386254,10274.338187072568,475
2.98428673289251,10467.204236231144,524
2.9779540399292372,13644.450729068029,764
2.967028021918924,13378.701112126068,791
2.9926284189957797,9288.906372391411,389
2.9604945778768443,12194.9413529664,633
2.984749648249223,4745.261295717912,222
2.996641590149796,8148.236176312801,403
2.990987060696713,12081.82191325777,721
2.971764427515755,6434.627130696566,236
2.9667658862421615,10553.273297173768,476
2.9827684937514114,8310.638740328697,356
2.9962771162641455,8632.046557919817,357
2.98385417571035,8686.67008516586,424
2.991903713729104,9743.327050705126,554
2.9642890274365348,5792.162104140867,215
2.9846078908818794,10263.621334073088,577
2.9886066663276862,7038.831712538593,286
2.9824459077949967,12150.63079758697,655
3.96711425477677,14595.135397245926,1000
2.986817870792258,10873.6929704987,538
2.973821351861955,8415.125076745851,372
2.995112319256791,12547.04613556916,717
2.968046543686597,7823.928588780662,315
2.993757527536698,8444.183157345744,350
2.9986455991459104,9444.819490379854,418
2.982572015275588,7831.195978765153,338
3.1651814323259093,16186.739976400295,1000
3.855940271687864,15077.175339018164,1000
2.981363054053643,14054.332339545059,860
3.3845255302866883,16101.095774232144,1000
2.981711046045933,7511.990537718471,342
2.998133256765237,10551.745594324531,469
2.9768414788439035,11408.143714026415,607
2.9871997973440703,11908.228260621101,624
3.4758053505519335,15079.893011767535,1000
2.9761207160239715,11109.95636575771,672
2.9667561654988783,6601.120726660157,241
2.985512465957579,10163.434297914926,468
2.9932247616074106,11731.069285457845,633
2.964863889818055,6504.418842707236,270
2.9945370923337578,12180.118915728948,632
2.9505823442182875,8403.61497115849,367
2.963470720423755,6521.87719630019,235
2.9881300119202474,12507.824598695694,728
2.991389996852282,9174.537541839572,380
2.9748694196046777,3431.360821681069,120
2.9976056165556986,7224.78522796033,268
2.989043484741094,9156.140344763813,435
2.950857934840837,4834.246081339428,160
2.988064411523378,3403.9287537638074,104
2.9596032850278964,10916.183259649324,491
2.9786807429521134,14280.457069447979,799
2.9687940008342304,13780.229182469864,789
2.9724519603439923,11418.840629271506,646
2.9826197903726213,11281.39752129813,528
2.974836990111513,12952.920858135925,750
2.968717350441271,10218.812656846976,545
2.9965838240664655,11940.72375763082,655
2.998081118975048,8394.321086617896,347
2.98406654619033,8807.775931216509,450
2.973746041073354,9198.290318850497,511
2.985704615782184,6925.87033249716,284
2.9536012114058767,10585.217469109664,531
2.995495502089049,7201.997946013211,266
2.994936182926696,8775.690185795436,364
2.973354935938085,7779.276816713105,300
2.9794693986986465,11745.23488564159,569
2.936889328015522,7299.045171677224,276
5.118597460739383,5555.40538435833,322
2.9773733775074387,6218.752414183016,255
2.966814787866176,8598.50650099129,364
2.9748060564112735,10095.405191769718,522
2.992417353672526,13852.794228251978,766
2.9922895875805233,7857.502601667449,321
2.9991875560209786,11806.475539940959,662
2.9904969638023364,9267.94773266844,374
2.9946475854469865,8080.579868699646,325
2.980078847759142,8172.897663836227,386
2.9803590948022474,8995.727199779105,455
2.974205834105373,11127.671697853973,586
2.990435629966598,11754.727356384015,648
2.9840910244518346,10165.440327852677,581
2.9957349645313665,6633.576302648086,269
2.997610535489781,14209.43476939193,743
4.753286473026729,13691.690977655808,1000
2.9705374650249095,11462.092549851553,595
2.9880404481038245,12248.641027976893,745
2.9752192174193866,12188.01285985517,630
2.9727936645305655,11538.04152623798,555
2.9741996670114634,11379.19182364107,579
2.9917184863133923,11694.058249790842,584
2.9964327455755706,12387.650559418285,745
2.969843795773225,6414.1375671244095,248
2.9869682227621435,10025.814788024909,438
2.9760426089052032,8092.449840454872,327
2.9795930052947273,12020.862020865912,671
2.9947390857199774,14663.72842667774,857
2.996381270559877,6787.778111429938,305
2.9709989026680987,7973.213011407526,329
3.628094188348459,15255.165923579209,1000
2.9757196086897095,6891.260613121795,330
2.977627654308197,6049.294968910132,217
2.9960987244535215,8360.349722930314,406
2.9811340296263515,10418.863486816846,590
2.9767082450616718,6896.794528299553,274
2.985835747962676,6007.037370865404,233
2.998910335170789,14512.696017032158,892
2.9688152675641004,13512.636794113205,772
2.9658451316566814,9676.099869423502,443
2.985556107228463,6399.611441230384,237
2.976932150530065,6195.476687479679,250
2.9781888304772517,11225.996201964395,549
2.9505482960597393,6509.373509562242,295
2.9952021187452353,10399.630136714042,461
2.9840457902361104,8502.245684762427,390
2.9873302001803346,9393.435670239356,524
4.131156853914128,14504.55644151511,1000
6.397044645700608,11974.936100782368,1000
2.9735720953806464,10786.322670700716,522
2.9929509150642426,10452.011959857018,563
2.998904763051311,8303.501234680833,369
2.998960934268806,13723.446177358488,813
2.9778627429056193,7347.690566255129,289
3.4960822879146978,15323.570430798774,1000
2.9938328743757454,8047.236990890898,372
2.996950888378652,5163.7601537093,176
3.292537369817648,14739.871515945115,1000
4.188041596710101,14759.157889844973,1000
2.983757862343393,10778.340426366232,535
2.99533376562764,9444.3694078437,474
3.1568291388307035,14846.043795649943,1000
3.5150834097280264,14195.431283278624,1000
3.4058336545864907,15612.95799809829,1000
2.97924790125113,11354.22325647462,623
3.638349356644903,14313.672523663165,1000
2.9952752565461873,7503.4216309271715,285
3.494824933701913,14972.136085910499,1000
3.25180444364362,15387.071171883515,1000
2.9867781769973223,9317.267124041615,397
3.5639552779330566,15572.936128241092,1000
2.9946525145523704,10033.72905751518,479
2.9911691193503005,10427.471845180597,536
3.800824491593396,14250.937626777079,1000
2.999802049258245,11412.3692912826,662
2.9868550045345925,12021.10136201481,670
2.973134935373193,12234.710379237826,805
2.9982587432098007,13749.30822217408,821
2.990083651548922,7542.888389037432,377
2.9770290369417167,6732.749981890056,245
2.977794497981194,12854.59236669822,833
2.9766434717923276,13780.806599132802,773
3.728561498433425,14494.399277279108,1000
2.9725849884275837,9355.389401384282,444
2.979853824417521,9607.436407238416,455
2.988725309804522,5054.986441163063,170
2.9890375823443063,8577.971320440436,378
2.9672647793840086,11632.583771017715,701
2.976014581617388,7688.474438091488,327
2.959177067752693,11387.950736292174,601
2.9868035366496786,11953.769610572353,719
2.9976248347837373,15184.58761140823,942
2.997951301793748,7955.317412730431,320
2.980478594012766,1271.5456094135259,29
2.98457582400688,8486.419104083878,385
2.9599103304156733,9500.14297601971,490
2.9959759637923584,6197.775946476427,285
3.230518783731017,14989.758096088866,1000
2.997606773076883,13382.628374912321,752
2.9746656006545975,12077.512504213937,725
2.9956767768599897,8942.957505875485,367
2.968336673943246,11298.340718365778,641
3.7001747377781573,14209.89176683585,1000
2.9769115484609734,7305.718811202576,296
2.996125397506228,11427.093506119638,602
3.5254754979505174,15942.190920668801,1000
2.9672501140847323,12955.522905833815,828
2.9875206081791905,7740.001663169036,343
2.9991906295415247,6065.094160325733,254
2.992240349099648,9729.404370925935,479
2.9790436941854668,5599.303347172145,208
2.9809322303869776,12212.774649854275,662
2.9773072728800822,14867.914020525548,903
3.6259116640048066,11317.745062249256,1000
2.9896756680957886,7143.540560343155,273
2.9620484435135612,15265.471931351143,965
2.988680839287393,7308.645979612046,315
2.9797143897876044,8613.231333209413,389
2.9975627667310247,7119.679817313738,270
2.9637469748201846,10521.022249730271,534
3.2015205913364757,14332.698479379953,1000
2.9958581432704587,14914.404827584047,887
2.9728526862399165,9943.865147690543,474
2.979117698092512,9079.895605748181,427
2.9918922667656274,10819.561152294707,514
2.977703654248945,11437.302229121766,608
2.96973309616921,6980.92715338261,294
2.983524878740412,4430.5526556360555,146
2.9801155405838315,9582.394286117262,447
2.9122517815335653,5995.424402425084,244
3.3268952848207065,15196.393189041572,1000
2.943820821091472,8917.246147436854,449
2.999864282673046,15679.12793627628,948
2.9983069306435697,7320.023989724869,291
2.974729382063854,7678.774823015152,294
2.9996937449554237,7783.037198873162,308
3.016776381851215,16270.22131418537,1000
2.9606874228205884,6622.528974106529,264
2.936852072928059,11931.420777393843,616
2.992827984858868,13714.405512539424,767
2.9815223227659917,14657.916254696493,885
2.9749511987003205,4275.318644154428,133
2.989958152954637,13132.480572633862,738
2.981671984079838,4938.61833286084,173
3.3671349251160287,14895.743737016785,1000
2.9728709483329316,14553.44677764215,824
2.9877107519491632,7129.710576687044,282
2.979417914835101,14109.851387137374,795
2.9857372400686604,11742.33607409985,588
2.9913495986885463,7332.392610656697,302
2.9938174839195275,12864.66617578566,876
2.9666369602149802,12936.108544564315,697
2.987722207103019,12532.036867998026,700
2.988053589842742,11873.714004356088,627
2.967160629276221,10247.972254604392,483
3.6752672297820883,15300.641576263704,1000
2.996949746372204,9237.947071129594,427
2.9793029930916823,5445.904381274603,186
2.941524693949013,8277.70241453062,364
2.9926616090934717,6220.088095251613,222
2.9702452792619796,15396.89990560541,962
2.9477901479461672,8494.97879879694,346
3.862228454082091,15299.198500975184,1000
3.790372978095759,14534.088222374066,1000
4.754937160286134,5094.495275507836,279
2.9897548644285687,15010.74996183119,950
3.242893121610604,15392.555704510873,1000
2.970254617062148,6239.197236165572,272
3.7788836039274596,15442.624742694912,1000
4.127088716986171,13968.953197349423,1000
3.6473017510481154,15668.972897749147,1000
3.430535241089062,15186.03324259994,1000
3.6193964686163955,15513.034219928066,1000
2.9920874596539893,12178.727435587716,704
3.409215945342145,15050.569807393736,1000
2.998071207364989,9159.057988042203,398
3.401395420530991,14784.547652969584,1000
3.9894304776787166,14330.781010848246,1000
2.986052648753037,11371.476940690178,563
4.540764932650579,13053.212638705623,1000
3.993893363981805,14029.6976197496,1000
2.9962377738896966,6219.854434433619,231
2.994056974871337,7342.548853738723,294
3.402361225206989,14885.74606078994,1000
3.905375324112692,14659.498801199803,1000
2.9909890252820133,9060.446528066039,382
2.9581145628582055,11315.865715469601,567
2.9821608947951685,15110.821882146298,908
2.995248843915691,8679.434209501207,412
2.9928802204076077,8465.67672846257,366
2.9844459735645907,8187.897787313753,348
3.2154481214064528,16210.215212943649,1000
2.995622725659998,8219.364782167246,377
2.9822688850422807,3464.0520482120305,119
2.9557387271171476,8955.768114784598,381
2.9597633324703456,8436.148310049084,382
2.998334844007824,13647.524379628832,740
4.76347234672114,14091.774620275226,1000
4.194509972898405,14706.445546839275,1000
2.9994577434732212,6828.22033836512,360
3.52889613614191,14924.627222736299,1000
2.997810926379281,6418.640160495222,241
2.9863338231650896,7962.488450972738,340
2.9995321213271824,11220.540181275952,610
3.3413872807935516,15115.365687397023,1000
2.992047887586357,9218.398517393176,501
2.9913418403855916,7190.245262528402,311
2.9946928068012166,5821.961884516283,224
2.990826023799189,8295.124045368566,514
2.9987555591443913,6459.997739290867,254
2.987981508684709,7882.358914357282,372
4.181418547187304,14886.531094913793,1000
2.993541862337407,11758.693500690493,670
2.99200537939846,6380.883327465288,247
2.9894064641227134,11650.592649571652,648
2.976597292509904,6706.390363408755,258
3.8328402280834744,14321.621477532046,1000
3.166062454565164,15865.19464220113,1000
2.9928034421501697,13324.941134902727,859
3.971267966294206,13788.09511331255,1000
4.460864873410092,13237.115179604329,1000
2.964527193621952,783.151979972739,17
2.985420086025985,13774.952552104281,854
2.966068033627898,12491.193217465807,856
2.9815373789210518,8185.709500097376,474
2.99469420840429,10502.960446543739,497
3.479023630463899,15522.350963152912,1000
2.9756808262133796,7131.842966121945,388
3.393833490008818,14353.567974707668,1000
2.9810230058948393,10641.75334715603,554
2.9617385878021665,5424.368518071495,206
2.991092397276398,9930.203627112478,519
2.9903409580113416,10067.268826781914,522
3.481789204530988,14709.601594560581,1000
2.9694902682452797,7169.351516385978,303
3.456945739787194,15639.5451304848,1000
3.399595410976537,16111.342952052655,1000
2.9922737327626248,6137.088288635147,288
2.9480297242846567,12310.810175881901,641
2.969115663669107,10697.72445418259,491
2.997777868643252,7447.7975776580215,307
3.278131777592258,15367.617416048404,1000
3.8587728956477965,14556.340264231138,1000
2.9797905459180356,7101.828646935039,341
2.998922858701894,11316.139131777325,625
3.838561744024368,14980.269714728842,1000
2.983529307283531,7569.753475835994,351
2.997200721883527,7413.093376207146,326
3.9173774028889996,14504.237175418186,1000
2.9928474360837214,8185.383680025835,349
3.2641271185267615,15237.53992539674,1000
2.9998284322551685,12610.920175462383,755
3.5275926070892374,15390.409730442037,1000
3.6929876393907466,14736.636827425838,1000
2.993782807876008,9926.596284844132,484
3.6362193228039654,14993.894719353637,1000
4.750794021879043,12708.851234287364,1000
3.370703735390073,15649.995954904256,1000
2.98849484440325,12198.989836317553,724
2.985826373267678,14730.272836064878,892
3.700285616289562,14092.98267929687,1000
3.338123813143787,15351.560336516992,1000
2.9859039802399523,15231.935662495873,924
2.9637918336046014,9317.246537754478,419
3.4481995952237217,15413.532375548974,1000
3.1344781442556724,15601.65391965994,1000
2.9850030584501424,15119.84384477467,869
3.450497892643311,15466.538194308027,1000
2.9721892710011826,2393.8119272804142,62
2.9968257574083053,13386.528662640663,744
2.996412866841463,3826.1281417925297,122
2.996218237780521,5481.314423719774,189
2.964878446677404,10307.971867959726,479
2.977682306043842,6818.855250369805,244
2.9969012833992874,7140.888868348103,278
2.9735483632431166,9033.905215682204,384
2.9988545539051152,15893.25746297669,948
3.5001508351076094,15795.878030398424,1000
2.996869513131886,12280.667058984809,648
3.7619697015979585,14350.047055880437,1000
2.9766808452818583,9703.44496995609,534
3.982655565810282,14210.93687799077,1000
2.9829292542298123,14014.778470547873,816
3.3845634316877926,15292.495027978879,1000
3.417629758142944,14880.511691789015,1000
2.987316631806547,12539.659117109428,648
3.2306195845857415,15812.85040712817,1000
2.985256544401945,15682.336193289017,932
2.9950440608655464,7853.254832889658,404
3.257948556543215,15006.981544990389,1000
2.9672317887131068,11817.408973998736,685
2.9834632392847364,9482.37513380585,529
2.9985007751017423,11727.9968475149,727
2.984409269215177,11177.783044610247,572
3.454917309580596,15875.668337508816,1000
2.967870578446092,9043.062230616288,419
2.954046900866886,8152.990044962361,382
3.277578028609657,15087.603572955377,1000
2.9946508602662245,14744.676086477422,889
2.9923320398122226,8474.404600317539,479
3.225233261417685,14180.818039267539,1000
3.1841435887159206,15313.942708440929,1000
2.9760729653253524,13915.166794148918,841
2.98862598144624,10358.430686704221,576
2.952375098574451,6652.235235414961,243
2.992794464385083,7692.275611407946,342
3.8932393350385484,14554.294997984684,1000
3.376798618386217,14153.274851076485,1000
2.9925603070066904,12362.121935442747,635
3.7573467477259506,14571.394966705357,1000
3.15003927805981,14852.220047249064,1000
3.2190029342338446,14734.994831484126,1000
3.596518733008535,14210.949878126576,1000
3.529218502290044,15353.880324362928,1000
2.9802593995539266,8291.274541889117,360
3.5242249120608844,15888.604930865418,1000
2.990260093592707,8479.061798478839,581
5.400428859493534,4813.692819052571,262
2.999031300785073,5626.770868940378,222
2.9913852933804415,13153.952998314619,679
3.1932891143772615,14986.046859175434,1000
2.9875297766695312,13597.500362154755,765
3.470519522083513,14087.144844133925,1000
3.561693372643922,15380.55999685814,1000
2.990380010854095,11768.931344688319,647
3.3169633598391712,15096.183657220501,1000
2.9806561055750316,7755.027310369185,314
2.9819170014295686,6709.831563273319,354
3.4384541663652466,13798.266943252998,1000
2.988688204295685,14845.869096865696,831
3.1804271548999363,16521.730009726547,1000
2.9998708461695585,11994.898396409002,678
2.9781824432106636,8614.621467747414,361
2.9941376710500323,11975.880966610464,591
2.9988937629876826,6933.143047732269,297
2.9945823106272957,8917.841461112475,388
2.990655536211736,13317.773353743896,792
2.9917143885844597,8980.339753301088,421
2.9923205084376048,6092.838425917234,219
2.9906341211232936,11314.207636842564,670
2.9954448785258636,9983.835465232893,483
2.9962428286765643,12282.270385586979,725
2.994763412890099,11268.736546273045,694
2.9984758565275738,11834.310704113344,648
2.976336498232046,11124.85430207791,509
2.9872607039718746,10737.610733335387,560
2.9695890994761656,10731.204728790177,514
2.9909643702751603,8706.412015633008,341
2.992723757930004,11813.550736626707,579
2.967923110267567,15803.219541382827,981
2.9842365583769106,11314.967160602251,611
2.9967697303518874,9750.543830625453,478
2.9466840812849866,13621.651049033462,770
2.9997319530942494,12603.383069945252,674
2.96499955145307,8991.95684887512,395
2.983863967431536,10603.993029032876,551
2.998865980962245,8825.005977638464,370
6.833674824287789,4907.144412800326,285
2.99848857896489,5151.819987012622,173
2.995037929058386,12026.957931758712,746
2.9794869866829106,9057.682469443926,462
2.9647914734100382,8476.729087851956,360
2.987103187053854,4441.730898427213,211
2.9873404887469226,6114.820127716267,222
2.983344606293142,13287.122393809059,744
3.4635396880400853,15725.987915038118,1000
2.984807515118761,9165.71077689159,377
2.9736194973555956,14624.386177458431,856
2.998635850066945,16113.33922418778,989
3.538742887482152,15160.788675755122,1000
3.042314405018712,16136.191176854938,1000
3.6862912318138186,14338.34664862301,1000
2.999690326314298,11593.166285983934,630
2.9895452094976593,8863.48368179505,405
4.490852867252224,13905.491306177168,1000
3.5797912275684656,14556.420532575725,1000
2.9959428248127655,8054.38403067427,303
2.982278281905397,11808.746661854526,636
2.9907966109467012,10313.621378744558,566
2.995816781329651,11900.922908718207,736
2.961014115710435,12524.289904680683,675
2.982634304022495,11647.377733055984,621
2.9960295490143185,8808.890625670123,400
2.9824335073515904,14664.9691493339,853
2.978051685059466,7441.626761497028,317
2.987677734898164,15090.05786613735,956
3.204574981999997,14849.566807811549,1000
2.964365533110011,11123.967175301404,601
2.9988633993044806,6896.748429342108,261
2.9937231507053004,11944.053300651813,637
2.993155431909338,12343.315818012248,731
2.9995419235474348,7128.193782458645,330
4.108179724287196,14304.923894512913,1000
2.9958975138746915,11481.84356083137,618
2.96575335212506,13536.344752262594,880
3.595335865140999,15153.436223747305,1000
2.99912866523521,8038.772371784563,363
4.4145606203607715,6251.301087316532,361
2.9657522936177094,8861.934388841686,474
2.985075262274986,8010.152722009538,364
2.9933461182718673,15771.822708793032,964
3.5530371470411968,14963.357257664687,1000
2.9708992081160703,10630.654869995315,565
3.6560641634561795,14485.576184984277,1000
2.983195877028502,5403.8228425387615,270
2.9883783476493115,11239.175278378161,695
2.991675615968134,13153.446150268077,765
2.9913663707147986,7514.775934482722,320
2.975753406984458,13204.985272867689,720
2.9940050913444787,15734.122973682972,934
3.3346850306289544,15187.581655574215,1000
3.501291293748804,12614.16167097845,1000
3.1313906165377885,15908.858900659667,1000
2.9913578898311024,7711.532617741861,364
3.539031612420089,13588.501847388,1000
3.5047115115252545,15220.910106636984,1000
2.9914520628136625,11675.611817620473,772
2.988981019400773,12083.167001632042,653
2.969703998650431,7631.617402094262,282
2.9943833320522355,7821.415353903168,340
2.998383556075132,9757.169315002126,502
2.9991767351950576,15713.098522875158,999
3.613405553458028,15452.002494539101,1000
3.1054738661065495,15433.808568131688,1000
2.9984684615454706,5061.207285302445,209
2.985801205462222,7750.80498030837,382
3.5100954247785205,14925.085306114459,1000
3.3556225254575778,15187.73789520438,1000
3.505110231492249,15645.26799749758,1000
2.9821921399059277,9354.08052027759,412
2.9998119803991,13392.0931194716,779
2.967627155629971,9270.009735265168,423
2.998835063445286,15896.286181923932,941
2.977542874853832,7956.555794529825,358
3.352732381506191,15414.752563159807,1000
3.4473998064102496,15969.17792167001,1000
3.4903321719980904,14586.268821786101,1000
2.9944123797255244,11510.66826777278,644
2.9978004716608955,10347.606495364458,526
2.9927470727649896,9991.25631793415,541
2.9869745147592326,10880.684864259229,607
2.9484089010103043,12107.290377457683,690
3.525944550681869,15870.811358835248,1000
2.9894551621986687,13645.594033071431,853
3.387025844649891,14238.505695763926,1000
2.990516271798706,6053.13763335173,225
2.9705291017513926,13589.396729000724,865
3.138870731977986,16121.361853260614,1000
3.407203414852179,15258.038345178125,1000
2.9702081077479257,10347.573679316996,491
2.9596438970515124,10966.1750652811,515
2.980216567037308,11041.856246735035,619
2.9963110084503475,11705.372019989016,668
2.973055011217361,15224.213174994664,883
2.9968647862118294,12343.163767127773,748
2.9731381272559645,9208.972085581174,455
3.229524029119876,14791.406593014877,1000
3.164103753941369,14780.956741109807,1000
2.9775242966001523,13155.926488433246,762
2.996141533456928,10009.404968432234,504
2.985795945343324,6865.376683904043,355
3.5049007508125745,15494.60828007706,1000
3.3289660229503086,15571.296996336529,1000
2.9799208260381276,13139.779939656371,740
3.462251260308505,14718.592537450479,1000
2.963097859518327,8379.54792937628,375
2.9897924255796244,10539.913020680826,605
2.992692668029329,12519.596279866584,667
3.1463018893579293,15516.410079038485,1000
2.9789792988080053,6819.609881818972,283
3.468500231556704,13839.73975762712,1000
2.994991304979122,11894.12132938145,655
2.9986945731450425,12474.749271220644,837
2.9932785972385316,10342.942097798912,513
3.309988515287905,15272.78732909207,1000
2.9913686098376386,10376.10716257281,517
2.9912111407956874,12018.13018099852,629
2.9873542282685217,11042.708217852014,604
2.9996415003092496,11830.121850026944,621
2.9845688561632806,7222.650147534552,305
2.9806756479617973,11532.214658385015,627
3.4058294289709843,15000.190009925109,1000
2.9904560118049934,14939.001152957282,900
2.9942975821586577,14931.197638727666,885
2.990569031076707,7867.852435955417,344
2.996278426690149,5753.735821737126,203
2.990977418526226,11335.27153395297,579
3.3271414185344703,16044.15806786598,1000
2.9855597125071136,12022.208005565284,587
2.951672525292449,10308.404233123458,558
2.9840176470020237,11884.022817104476,674
2.9948928364563594,7513.0170943928215,333
2.989130608337394,11695.482569378126,663
2.9946658424432466,11787.688153362747,676
2.983471008305031,10035.988740230574,496
2.9820518643222735,13102.812395270252,833
3.192980726340322,15069.642968877764,1000
2.99396844166967,14433.433488312094,887
2.9909178774632035,13438.512998676877,786
2.9791160910060226,8435.064759470752,412
2.993436146885314,8258.434483545196,370
2.976384763810146,12571.009187858423,769
3.286878440625485,14737.18734990812,1000
2.998515363200698,6619.362813554506,278
2.957188155120424,12258.773366155916,732
2.998462562918142,12582.07600290869,729
3.377730108326236,15062.560448034978,1000
2.999454589337104,10366.257405682732,475
2.9769938412058368,11065.692658630069,601
2.981273862908104,9106.116515621989,417
3.4497499759795853,15653.843518269681,1000
3.294258574249083,14853.435623711759,1000
2.995336900018113,13260.331826224467,817
2.996079454410695,8596.961871522475,424
3.365973597084209,15460.88228860349,1000
2.9689538369852335,7830.952125791556,343
3.2893372303712844,14594.061553279287,1000
2.9741417682988716,12348.126899611067,685
2.9778244818613753,10283.094009714303,506
2.9869394688199655,15137.13485740954,943
2.9624397985554607,8675.882540383487,437
2.9862468409201894,8260.783364940995,408
2.994197596387417,10633.21474653314,633
3.7995926235892092,5990.171920461196,326
2.978930944425586,11973.97969919159,614
2.986518783735724,14382.562543765911,875
2.997480254631809,8641.818601161658,416
3.0617432793881125,16519.55103528741,1000
2.9970744721950497,10556.174260847207,529
6.254777764523538,4758.931650590248,313
3.1367771689346964,15513.091261071393,1000
2.993390395325522,9062.841604710997,542
2.9830559551915177,11494.946263983253,687
2.981487492060408,9628.283658993823,545
3.125432564265351,15217.116700496841,1000
2.9781835558023335,14355.164381316687,856
3.1609959932782887,14396.793880517977,1000
2.9990611275515464,11677.858298712299,684
2.998352909816161,10404.09181321853,570
3.302057741440532,14030.67502924375,1000
3.2101667758080317,15686.082455879323,1000
2.998839045988648,13900.268839878301,850
2.9664602910312685,8156.489921829785,366
2.998912560854871,14592.496966838171,847
2.9792312398790486,8411.625214321417,406
2.9909479774805736,13279.02165985424,930
2.9987005527930695,9085.976668946709,400
2.9899507477788396,7421.186783245127,338
3.1260776050087613,13878.475331138492,1000
2.978099552195761,16346.811162207032,972
2.9831447250052783,11992.301830201794,715
2.9849785249060274,12870.109634775044,766
2.994449865420024,11879.859179748764,608
2.999360189666386,6503.959123724891,265
2.963594980271096,9442.087620057739,484
2.9905238557495797,15094.310770748565,871
3.418634302451238,14613.496586294832,1000
2.990576103231898,11172.630297143816,606
3.2592238351183296,14959.486600835671,1000
2.9879648863348756,4132.591386759608,125
2.9976671463048117,8696.237792818189,428
2.996561916573518,15318.123607792508,991
3.6064032462706717,7205.831330103199,367
2.999519307085982,8440.440002459862,373
2.9950855386482766,12308.41994165094,773
2.9847339892514713,11069.194873153883,557
3.3028211706693344,15257.94001081337,1000
2.9826650194917037,14291.795178843433,890
3.740682651163766,7804.698451769749,390
2.970737647505318,11128.354185856995,544
2.993463960968168,12631.561100721223,673
2.9870159395313864,13952.659495140031,870
2.9976241558876446,11490.110303889685,577
2.9750381866895528,7133.930329665789,285
2.989669983611416,13660.75849995789,805
2.9908221449238668,9140.023458424419,428
3.358552826176408,14806.987459332737,1000
2.997453032774885,12089.175200182222,668
2.9875429074236486,10124.497794805464,573
3.2479743160149366,14860.873534187012,1000
2.988271599770889,7569.486964088772,376
2.962453455355492,15346.863177578722,998
3.3961635097468594,16002.97232931514,1000
2.9976952083595845,16709.141854912246,987
3.333760229381667,15380.074830325255,1000
2.985001784762088,15091.122216268132,935
2.988658579682517,9038.61006815895,468
2.9904833039306724,8688.595155141285,407
3.4296165971855572,14648.805719748936,1000
3.2804311277232183,14822.499401179444,1000
3.8216575039752914,8105.392169274033,439
2.978916739792273,8107.7298666328425,390
2.9980727312675572,14249.424653109047,864
3.600525462454883,13694.968881957657,1000
2.99182071753173,11331.397957641373,596
2.99871593893232,15177.692550576678,980
2.986185158241171,9454.122482735713,438
2.9310011745559135,7649.586291008132,376
2.963535099414844,3741.9818194296013,112
2.998751711847187,12610.027640601002,731
2.985809830017602,10682.305749402556,568
2.966766303789124,6327.43260775598,247
2.9864326174185196,11655.672623861354,588
2.992995669851397,14169.014007067377,904
2.9557362665422846,13606.824495634159,811
2.985334226036872,12504.811913459476,656
2.950820711387264,14265.242861949404,919
2.9970854510870084,10045.450340350162,557
2.967739509029115,8340.880705440764,363
3.7402063782783377,15334.337343748217,1000
2.9856173052442805,10600.99634725409,512
2.9924544315077393,14367.251599803052,888
2.9990669033694473,11289.897333989831,571
2.993057591810148,10234.11421627318,540
2.9981101478762513,13818.579218391582,815
2.999910844580445,11949.91620615915,645
2.997188393579172,9596.333523156301,466
2.9653421235743336,14059.07635355943,876
2.9802950101761945,6451.7666888275735,243
3.4850074035265446,15400.899899997861,1000
2.997087851628427,15577.263633143815,978
2.9852570047932807,14720.52226270271,967
2.9790023792586777,11755.774069189174,632
2.97687911986723,7029.72156353932,300
2.9746321079884916,4576.556815164424,175
2.999742401885255,8091.78273204403,400
2.998298047535133,11898.679471185784,691
2.9883413722505496,11564.554899969251,596
2.9977835085165103,6394.481442760349,242
3.468331182496518,14233.364663876164,1000
2.985935198572195,15018.525922831179,942
2.9711431648979203,11086.116397519385,576
2.979614145377987,4965.2304299933585,182
2.9795596622575604,11937.07305458925,718
2.994467444436267,12673.705339656597,703
2.984465260746988,13260.89114064624,776
2.97333688091875,6192.659782539593,257
3.461433444726647,14920.105067069271,1000
2.9934270702904935,8441.888720336961,357
2.994076845325456,5456.428184836874,192
2.994149420436351,8200.392948622084,353
2.985380813302392,10880.347241954165,610
2.9932806725365464,13967.218801547955,884
2.991260340639387,3958.7929053398643,133
2.9833294893385465,5272.696947164927,181
2.996723897478267,14554.107976240397,972
3.2374690338572774,15073.955291035785,1000
2.996292106516671,14702.347259286698,863
3.435582551843666,15230.153830947713,1000
3.4374892819742384,15457.457692398164,1000
3.27640686898641,15381.999443030461,1000
3.8371027368762314,7186.9395587246545,443
3.3739967488215235,14735.316423534394,1000
2.986574705693706,9001.743419026549,641
2.989934275000661,13079.961795966692,804
3.2682145478986255,14716.207259908375,1000
2.9788774624452077,13185.81153783746,764
3.273784483372822,14920.547609775089,1000
3.1756634091710274,15781.671347535665,1000
3.35504643939421,15169.718809654463,1000
2.9989209146125972,5573.993483406371,196
2.981093031800484,7479.177537823197,297
3.2283927920300513,13603.058580190098,1000
5.537428167163265,4656.839597117641,291
2.99852188422213,12595.313520644613,682
2.9961093326965296,15527.461165316143,993
3.2187579831797293,14238.645143386002,1000
3.506880849336318,14458.443347983582,1000
3.529031231033456,15365.290586657522,1000
2.999305523411185,11476.3447334117,595
2.990711909069854,11853.904327724958,619
2.999561645922531,10383.237715094518,513
2.9995278860679266,11978.068324566311,694
2.9967419613763266,14943.666746753785,873
2.998675680094478,7669.685029094425,344
3.3145017299609667,14876.635376001033,1000
3.421178573961054,15025.200368501988,1000
2.9583569726006504,15908.332762870192,1000
3.134821773295408,15393.076753156392,1000
3.46688481270317,15193.251385471025,1000
3.1932159658297192,14743.74507673133,1000
2.9447930924722328,6242.420027496897,262
2.993502328532823,14851.711154400386,867
2.970937827849264,9757.329328988957,509
2.985523307418223,10267.05470112544,558
2.9826404654841547,7041.13239925231,278
2.9981982991743594,12758.025657968188,692
2.9994328530872307,14311.450616839285,834
2.982695723122802,10323.304754698067,565
2.971783739794991,6482.377816893542,274
2.9983977294634556,8839.350442060204,412
3.2898671960438164,15420.32605565347,1000
2.989110886276862,13524.028819575258,758
3.483161416814572,15578.60617621593,1000
2.9865476029855116,12048.182948730042,710
2.9890195174362093,13718.843596801233,828
3.19233293836514,14301.002379126841,1000
2.95726633035152,15926.167629251746,999
2.9891639733548003,10454.506260975075,566
3.4456333977386064,15546.847913861371,1000
2.981781978905331,14193.616421685023,873
2.980439478958943,4668.580065621624,162
3.6208296287248665,6319.635158738396,339
2.9820157115501087,9998.783163986302,428
2.993355858321696,12165.933523537084,731
2.9960966361197343,5833.92376417628,214
2.9985920496980234,10838.45507424799,536
2.979060744110177,12255.467537157676,676
2.990595156541869,15478.671353973668,877
2.9803560681866967,9333.933379478174,507
2.993506919257099,8472.056076295037,413
2.995688075183098,5345.557256711971,222
2.9989759545670176,9158.567569433797,401
2.9954479279159045,14521.683589642307,977
3.203859399682178,15330.952700543703,1000
2.9891055637425423,538.7096599411956,6
2.9948920649111885,12088.956290026737,632
2.9948828583197162,4403.022820380717,133
3.1942105561028176,16301.200674833248,1000
3.068344877462419,15923.691351065881,1000
2.9904065627357705,6358.04648495295,248
2.9858074692910703,11466.137087669857,571
2.9993509352445646,12356.81679322256,615
3.6195713571898938,5804.599121108793,305
3.2262850178309117,14812.509849721924,1000
2.992959404929745,15847.012092628273,967
2.9783255909873136,13562.726138370892,975
2.996574824630119,12539.428909121212,671
2.974954226522396,13434.959221917967,778
2.983814307336835,15000.470155540355,946
3.2801897028415654,15212.847862202669,1000
2.9974738238307976,9502.16075690693,534
2.997432478441605,9826.091583082221,474
2.9836583354663433,15495.322923416947,986
2.959008125137043,12698.419925120124,705
2.9967501587451557,12364.126530755868,708
2.9837348855802115,8671.192857612634,506
2.989317921081512,6412.886781989559,254
