

=== New session: 2025-07-30 11:13:32 ===
Episode,Distance,Reward,Steps
14.998445085419695,4388.225074175156,1000
17.942206840457825,4326.334263775859,1000
9.982286858100641,9323.21317549466,1000
30.651143842705075,-777.2305004170274,1000
26.249507083743556,-887.3265987739089,1000
16.914181999931152,5323.655461863351,1000
34.5362408692665,-381.249351716442,1000
13.903161545432983,7445.6126704462595,1000
23.0446249528801,2334.4037092655462,1000
11.297506242410147,5902.263028996345,1000
37.09639830570624,-3717.9398350504775,1000
22.398786174317635,2283.7549182724,1000
37.30261031276151,-289.9754685771611,1000
6.469995991088782,11805.815654608024,1000
31.271867401128365,435.6968324470744,1000
2.999365641987809,11116.012484292654,770
15.492690969565984,6215.871052776932,1000
16.530916195860268,4764.207399947709,1000
30.81900378240654,102.3771489775552,1000
8.159550789353977,8941.598617965974,1000
28.241835579871218,1270.9373877667385,1000
21.839776994542987,1907.4512297146812,1000
23.13038683919882,-495.2313764255302,1000
13.894942821725387,2958.7242691783035,1000
34.12882020018845,-2653.221314727071,1000
21.07658492332675,1498.6390227721017,1000
19.44967301494673,4358.67416729476,1000
24.161763088054503,2827.2546591698247,1000
11.890984155424539,8138.691175960096,1000
12.900964028331266,2659.9964331671354,1000
19.200773547621615,3494.022372649657,1000
27.44729812520288,1266.6155650635994,1000
8.34379739156531,10552.638646288575,1000
41.58652493944668,-3158.289580825781,1000
32.10893884419199,341.4497132825931,1000
17.266564556604497,3549.9391066228927,1000
20.891684499393005,233.2021518244386,1000
26.79708532889049,527.2088231597039,1000
22.392422902502076,479.5595993581507,1000
10.170212294823857,7401.599731332547,1000
37.51802688356609,-570.4991893314105,1000
9.678681606148118,9343.056545201907,1000
29.488180415146847,-2227.257035827498,1000
51.132263719574446,-4996.793495163199,1000
24.27385908047901,1078.821494194066,1000
30.55641422297929,-1935.55732303856,1000
27.033507690335345,1681.0356076622404,1000
38.02684937955147,-3380.7010945744523,1000
28.795891735195447,1294.6216458691351,1000
28.10201689702795,40.54644880578248,1000
36.35744693400301,-1725.121705328991,1000
17.193284828119154,3761.1500732041545,1000
15.104641860345861,3790.031757446258,1000
7.028853965004046,11450.521368839552,1000
30.47759694481114,-1035.852998532545,1000
9.955017195287768,9665.812115135277,1000
24.941245492497877,1289.7280486253321,1000
32.45160266171484,-2023.038426980574,1000
22.28356259282166,750.2404120331443,1000
40.74780015852618,-2428.414240528591,1000
21.13611104295449,1183.9221898919955,1000
18.860151089878297,4096.056800258754,1000
5.9114064142354605,12557.881122901304,1000
10.759162200525724,8338.510465875634,1000
18.674210947955224,4292.2584961448,1000
24.928235756770448,3250.2151860462727,1000
35.740750461923724,-1560.676708715682,1000
41.41104439722821,-2422.2440865111175,1000
26.381964888620455,-1862.3120647994647,1000
16.589542947975968,4776.566420144145,1000
36.81941586204842,-2799.4446933647196,1000
35.106385332018974,-4126.324817380111,1000
39.3273589564802,-1806.9616233197355,1000
17.475318993739425,4206.185182891079,1000
9.736214993980408,8087.7504038105635,1000
19.634826836404248,1524.8799996912546,1000
2.9871657868868056,6105.999045311158,351
25.10225726709173,-240.36593737619407,1000
20.008602182514984,3244.542471281293,1000
15.064664696662463,6660.4274162327465,1000
8.949256405202071,9002.038197791635,1000
21.99918181633955,902.0457783533146,1000
28.04458594426629,799.402440626686,1000
16.03097688672899,4079.84283685836,1000
19.058694239797443,3723.340400329387,1000
23.99743862514357,444.9195165877858,1000
24.394761389652516,3123.9346454834485,1000
29.117718000508642,1051.9195768384022,1000
5.698308641925595,10868.87260471234,1000
5.653587142663868,10306.703652415923,1000
30.137941287960853,1793.961858198089,1000
12.10695232299194,4423.794749776856,1000
26.305984890908647,1387.2926057216803,1000
26.466037070242827,1871.4265418374437,1000
2.998321147402332,8653.792015333209,496
26.016607947433005,-380.18733303575965,1000
24.402765470232215,1046.21405024515,1000
41.02129669097193,-3225.537946390255,1000
21.885397991047643,2582.0995071467223,1000
15.980805364338233,5630.33308140997,1000
30.223500480915384,1040.8575485064596,1000
21.85941401390123,1311.9119689385984,1000
25.267713516621768,-248.31378978674306,1000
25.41558330857125,2307.0646700654506,1000
17.704100287725424,4775.7642490077915,1000
37.23525973033523,274.229661253631,1000
15.017078102660983,6462.478053588189,1000
17.027772730807744,4754.8632505130245,1000
33.19134672886203,-635.5094263775387,1000
13.25181274257756,4575.486078117913,1000
28.97775910500871,1223.6052154173024,1000
26.696210654821826,-1260.1270705699326,1000
15.748682589217712,5675.747149359322,1000
30.262809820982444,1176.1189797025806,1000
21.68173005112261,49.86503842075109,1000
23.494057292093487,3172.3660308095114,1000
23.545072598059477,-565.064222150595,1000
11.073641826267911,7752.776483851728,1000
20.290969255292637,4139.796294918639,1000
11.025323866029142,8401.527113336886,1000
22.511852630813983,1860.2515135770311,1000
20.777025912647385,3727.6670267352492,1000
4.4728645067132335,11972.320305744914,1000
14.437671313806822,4781.380336596667,1000
12.39124624217713,5405.3453701572125,1000
25.478248580160184,744.5237106756953,1000
22.135351620895367,292.44442714194287,1000
20.848771892617215,2213.6036946234044,1000
38.328354550976435,-3579.5067049964937,1000
14.680901343526296,6489.117577357539,1000
12.649556167234794,6239.369277906979,1000
33.51902117638539,-2601.9111063020864,1000
9.39148975094666,8837.567659291848,1000
34.710151964527235,-1618.6755675884554,1000
15.104883460201021,5940.229543784952,1000
8.907524277993247,10706.044917265992,1000
36.57277076716403,-2331.415113418154,1000
25.249434204272013,2130.544560624675,1000
33.07844443705014,-318.6630455239601,1000
12.789845034216654,5367.583215752824,1000
21.772698943794015,1218.160679957639,1000
35.035304657436875,-407.4523749225485,1000
5.958430329696688,10923.990134315212,1000
16.202119917785854,4107.524539041403,1000
20.484322513256284,3261.47666224903,1000
15.8450383097025,5541.659749584028,1000
15.428466746236536,6288.561411641753,1000
21.309099382145057,3560.715940599878,1000
25.622908382150953,1477.4083359121682,1000
13.905118868176002,6004.606510994369,1000
9.902582201073447,9577.276756415553,1000
29.725053351563623,849.7767282212434,1000
2.971769937402855,2064.183957539387,90
12.965567315450677,8109.2916326197865,1000
31.377756189930366,1404.774154925972,1000
27.4742873457429,-1074.1540477425965,1000
29.42680426141987,1550.699594125908,1000
12.791473748033658,7984.58522971652,1000
31.019825938890015,1093.714144833626,1000
6.570591975588083,12738.371602946234,1000
24.086757340091587,3120.202189041713,1000
28.868760936333256,-904.696505513949,1000
24.920515925486495,572.6921838858767,1000
22.88998887002974,2258.752625470071,1000
12.958856225680213,7809.9938470121215,1000
37.599454456011756,-1470.079273784498,1000
19.568023946601606,3921.4236593659803,1000
12.170555993504465,7616.719380441646,1000
12.221050322183173,7749.803628222275,1000
14.645416894880276,7032.395944456309,1000
27.789037420239605,-519.2640793406539,1000
23.184352400047015,-381.9155297371246,1000
16.081794559347586,4906.300622150633,1000
16.533814397147246,5676.185836060488,1000
16.691775359526147,5144.889972149883,1000
9.929825271521022,10145.21618242282,1000
12.077492881571782,7183.155132484705,1000
24.69836095581351,-815.233270340278,1000
35.33666750214584,-1251.6200854794617,1000
25.597649400503816,-223.26027216020086,1000
19.925280963961637,3775.337066466856,1000
31.775510881408792,1078.200420325175,1000
29.147762788952885,1639.6004687753655,1000
12.98836322184838,6278.9632091180865,1000
9.168855639806258,10201.112825132159,1000
38.89326994131061,-952.9871472913412,1000
3.8344643578911835,14147.317855388419,1000
17.441643487047898,5827.5124075226595,1000
22.868168726988102,2883.873244327163,1000
30.550632796763885,-942.7033546360993,1000
34.59946537421979,-292.3364349603502,1000
36.45961042888661,-10.236940860057244,1000
11.854828483978105,8265.140074950486,1000
22.407912456210532,2536.3130587754936,1000
9.44668475991344,9848.303261882986,1000
8.67000062986481,9792.798714607063,1000
16.972030518061686,5441.748989932281,1000
11.530933489211767,8854.634409285458,1000
30.56934917797526,63.163879127463204,1000
13.87990127349779,6103.995188424295,1000
17.401754675960113,3139.4346657258075,1000
30.09847679042547,-84.41915570272573,1000
50.75010571360739,-4044.7830286336657,1000
12.935035586680893,7380.165846883762,1000
18.806180939414133,4111.878851797602,1000
6.823825061156212,10179.81764726868,1000
30.251837665542496,497.55004178132776,1000
5.514980227823343,12123.693834378459,1000
11.549273613282026,7798.323896314247,1000
10.79033588741848,9032.34831053858,1000
14.047932484742814,6705.192913992576,1000
6.807239810746579,10896.100952859797,1000
25.09190392239409,3212.647542324365,1000
21.612562916652173,2277.327266377853,1000
16.26452529684705,4694.033195624556,1000
7.326297948024144,11067.31976352948,1000
28.058854243198994,-682.1436697777622,1000
30.841857028400103,1292.1465782323412,1000
10.605658501590828,9064.862309201968,1000
7.44734520895476,8387.505162969946,1000
7.704957483980159,11142.78948683098,1000
26.589668949792355,2204.923936629691,1000
3.7193202861755434,14950.86669735371,1000
18.4991196905424,4478.295329302352,1000
7.027150416605271,11997.48325049431,1000
32.204312874623255,-3056.685357750677,1000
26.066125681277533,2132.4833584827616,1000
6.825410285707248,12757.482089108003,1000
29.367248922725445,280.7810234417716,1000
11.904821874620492,7333.565516757949,1000
5.528338428317779,13657.514254416124,1000
13.493735119232804,7714.240634297034,1000
16.996369887357673,5221.526528051479,1000
20.066793797025454,4857.190035202978,1000
35.936980864474535,-588.7908324129326,1000
13.908612910183297,7800.7987693635905,1000
6.718332034045515,11760.60467719312,1000
17.91063752229661,5364.460385815362,1000
11.379474682132507,9901.146809269027,1000
2.9957079755690628,11806.216772689782,724
37.13083476580607,-2489.8934240870713,1000
30.00239570441713,537.102470136114,1000
31.315357048579965,1005.2145536483926,1000
5.533650657987962,13642.663590981374,1000
22.026811253122816,2942.601483236595,1000
15.742158819706908,5921.406039319792,1000
31.867039774323732,962.2111839367359,1000
6.344840052038322,11318.757459703776,1000
13.158785490258298,7829.031762798647,1000
30.978490328866755,441.48893455503065,1000
22.519284261261188,3958.8805265791093,1000
21.39355769260626,3836.049774438724,1000
2.9831210384431,7844.4450877227255,365
26.88466450756993,2229.4752132875283,1000
17.225527082940058,4812.985219007983,1000
22.449761912004913,1856.72961724591,1000
16.20223267257345,6191.861531006908,1000
2.9760011685140877,5137.471283016087,286
15.042593499580162,4070.0560361869825,1000
26.049586337412418,1978.0549115303068,1000
5.882670571002,11922.344625624799,1000
8.190532988269808,11328.153191460751,1000
24.0538151500855,3369.1888243609505,1000
9.823640911581355,9256.879569542569,1000
13.935603577507203,5307.537524021807,1000
2.9802384396063477,13905.693925789934,852
14.476921222940634,5107.0263007764,1000
17.38249212275395,3404.523444628783,1000
26.19720586346558,1663.1462315462493,1000
10.938483754193769,9027.232102358474,1000
20.1683308273382,3532.77755420049,1000
15.926752796760404,3586.980274897421,1000
17.526288122643926,1884.4444056779562,1000
13.340678524837987,7277.212884438735,1000
31.87825968021787,-345.241299140249,1000
12.74708436845376,7285.450208642195,1000
11.1434088967081,9803.358098640821,1000
14.952526945145255,7179.961047339264,1000
34.815902198445634,584.5798678304201,1000
14.829548015728147,6925.54908228447,1000
26.653476220602503,2325.0012049832,1000
2.065396204894538,500.0,1
33.850854948766404,-1486.785226641622,1000
17.715532833021417,5871.502732968589,1000
11.128433805110477,7795.486270306521,1000
19.85578910623779,2985.331346197745,1000
15.43805826338845,5142.709791666166,1000
13.514300963648978,7548.518058864711,1000
32.838599552050155,149.56791605903183,1000
13.901376931900879,6755.080881922529,1000
24.09447561755699,2649.050224295794,1000
6.5174265182252045,12796.939696855872,1000
10.085833521981861,9140.529287966812,1000
4.934500961194778,12068.57066204622,1000
20.048736326345654,4590.834872902212,1000
29.431095186634693,1047.931082615189,1000
14.188993631473753,6862.109654881968,1000
9.744125835322697,10137.520144550346,1000
41.62477670325093,-3171.240900504427,1000
4.2547843540124894,13417.750954328953,1000
3.4918623504159805,14858.104579719415,1000
17.036456725483124,5340.626176009637,1000
6.131987746350438,13045.27122390994,1000
5.408692346305091,12140.887732188972,1000
29.464440213011784,1127.756905866574,1000
10.759805913481227,9289.585403891459,1000
10.702015473179632,8876.046185773528,1000
22.144154710351636,1100.6268459030794,1000
25.109167039781106,3066.3731067993867,1000
23.766712018010452,3624.6381399131396,1000
27.27196216124116,2075.2377786613124,1000
19.99043841411972,4580.092024774799,1000
27.845172075521674,2987.0768235910505,1000
8.537349171815288,10589.2116542153,1000
23.80472096485787,1055.7527181853532,1000
15.091646585959413,4488.7355280374495,1000
14.908128396556616,7580.131810920871,1000
13.541178713905323,7492.46435245279,1000
15.71812169486083,5672.212218670712,1000
24.563388132374318,345.26379203998596,1000
2.995835539167896,4391.13488330792,205
12.956417293278164,8746.906110505659,1000
2.998019339920806,1010.2425030090074,25
14.109142428833978,5657.559353054182,1000
13.460831622064422,8133.690892397337,1000
16.613838445525854,6559.333206842148,1000
11.349278685604508,9831.969075669222,1000
15.325814926148933,5822.9881927224,1000
13.825232319518097,7746.7169614999475,1000
22.829855404219003,793.5386851033261,1000
24.378119387394044,-929.5465932895117,1000
16.3059595683307,5352.640952404398,1000
18.007437652567138,4520.997551387882,1000
20.153102451084713,3924.4164217185053,1000
11.294508700236639,9822.66794569346,1000
2.988552464467024,15088.217600536655,852
9.603996928668229,9738.383790971411,1000
17.617258740229904,3582.715489334015,1000
32.43943310884765,1036.2568703255374,1000
22.04684565028171,3659.952426444149,1000
28.748935585492035,2022.0364816764238,1000
22.376866263076447,3944.525484960821,1000
14.818811112560828,6565.0925455588895,1000
39.7798927396654,-1758.08088939392,1000
12.596246278464388,7446.873627280438,1000
18.62114148992427,4386.81242690201,1000
25.693946561798512,1479.5664743700847,1000
20.28704227887414,3755.4515466095086,1000
34.12280294338989,-497.5978606873827,1000
13.272047289594479,7868.026250026944,1000
25.569206919507817,1540.4924557816896,1000
32.39969365532661,524.1959357021645,1000
5.839930410769371,13169.105433851797,1000
26.36847480579514,-224.01979071081533,1000
6.857880852813711,12949.120970678514,1000
7.632338534580536,10838.212136856015,1000
29.758855354193418,1251.1571033105706,1000
12.947206979254805,6931.381420249576,1000
18.213403436319723,4209.812933338768,1000
11.659630367692637,8978.400533451038,1000
29.30753695893491,2295.9306629592265,1000
11.81825894667593,8026.144130304404,1000
7.481712346949219,11466.017736092612,1000
31.88743140235242,733.7768942926073,1000
22.665975449940778,2778.7403350273435,1000
13.304461762075201,8030.615345143202,1000
22.440231512889426,2864.3322046562134,1000
27.359465903591452,1906.0600077210484,1000
2.9870623531482146,11023.520721779252,600
9.550652391522037,10700.608425049728,1000
26.833288027682574,1061.6363995579334,1000
26.037424472205544,349.76295817938666,1000
7.105968307575418,12080.658728149505,1000
11.123982832381916,7467.758314343024,1000
4.208642546558867,13386.689294940748,1000
9.130850368091401,10867.720632582557,1000
3.974934275899185,14171.12294858833,1000
19.088295898468164,5863.432151502141,1000
19.344763937391484,4917.624326769769,1000
26.216587832987194,2105.4871333484143,1000
7.1199303436051125,10378.826865788318,1000
14.251321975141046,7320.751080958399,1000
27.0292773374489,1785.8763728905988,1000
8.88921465720277,11289.932158673797,1000
10.600817062257889,8771.785585155143,1000
25.70561994115475,1999.0205872488207,1000
2.9986978033625213,14501.941416892021,915
24.47758141362804,671.6500905141676,1000
10.557152402194118,8055.214051973253,1000
7.641438999534119,10692.666783620827,1000
17.689438128171577,3939.2122493578354,1000
33.5338594023917,705.9745145011458,1000
2.9994507621894995,8858.088106029847,489
20.18472750992187,4999.839536076716,1000
21.83255630300862,3253.8754694695485,1000
19.43527451023054,4292.615837427391,1000
10.078467415848625,10123.868737093948,1000
29.304773352581968,2013.720911394788,1000
4.8775913240441735,13822.096870343821,1000
21.84413112658922,3796.0849963437013,1000
7.9932308016496325,10723.37422822919,1000
18.214762280056455,5918.791520519922,1000
6.172003284931013,12823.535762372123,1000
22.128102784951807,3539.6416820488935,1000
33.874776923461035,464.1318662711955,1000
27.98812058351261,1932.3032899450384,1000
19.48287428143161,5208.924279777602,1000
4.523124616380932,13248.408168098467,1000
14.478650422535841,6431.354892599833,1000
14.631715399988096,5207.53606667989,1000
22.444426263982987,3613.6106938865664,1000
6.291017825423544,12994.389039897154,1000
13.295243237324092,8720.70417708482,1000
14.329901356302072,8406.886613440794,1000
32.03832101606627,803.2164801051729,1000
18.712735709136577,5593.48138156893,1000
19.365039000386098,5349.145946422606,1000
6.248095845498697,12555.863599489623,1000
21.593031237047384,2553.3491642474696,1000
4.756304254418831,14399.553973697723,1000
15.101245635975472,7663.520871211122,1000
5.833109336819558,13174.377050363093,1000
4.684830852674412,15116.767412909176,1000
8.638075630804485,10595.597624130507,1000
10.75095006914462,10043.556228142003,1000
10.421625775197601,8975.155379256039,1000
13.714897703853751,8395.676079359218,1000
12.000799996954058,8695.250700748777,1000
13.793845652807757,6416.9453458739,1000
8.639426083417616,9909.942850916554,1000
21.05574552806475,1042.102548269008,1000
15.661789185469578,5014.256422862022,1000
32.56455338877118,357.30573907595806,1000
8.178893416384525,11499.711303884611,1000
2.9766538894949317,13331.381534701497,752
14.491143778341705,7528.868769266278,1000
2.999155870488038,14242.86831462722,820
20.318188592430417,4216.26015627292,1000
3.4983597011384315,15754.73179362739,1000
23.94125938747364,2146.5057402973066,1000
29.244063608005057,1720.437062178829,1000
33.04492049069367,901.3156353742354,1000
9.255118332567541,9360.72622121328,1000
10.00270311067413,7156.9118828122355,1000
5.8692874717782155,12720.503079902646,1000
24.194792114635074,2837.5797309673408,1000
7.646936708727549,10683.21419961822,1000
17.362623050624574,6037.430587568237,1000
21.014119898086783,3559.3962917163153,1000
2.984632164452309,11656.331805544647,867
5.484631898057255,12469.378415404686,1000
9.480261735578955,10247.419944158943,1000
11.515879129076243,9047.518068081376,1000
6.317072643128988,12422.224350161907,1000
5.301279017771627,10074.572650139175,1000
2.984015196809389,9351.757385593337,667
4.663355938606149,15022.95122843639,1000
3.583143844901943,14982.04824234467,1000
30.361359041146432,797.9205514277677,1000
8.996072273995111,9006.686261628576,1000
18.797118110175997,3287.284115676854,1000
2.975465147858602,8046.640284673966,350
3.6475725220505613,15696.635660975016,1000
8.898157869087388,10849.058202886865,1000
15.946309370895245,7030.788344103781,1000
22.390629359821045,3913.014969737466,1000
30.223990348082506,448.22118701813434,1000
6.921835512266624,12671.497134217325,1000
26.248486605117307,291.82759689256307,1000
2.9626611239189247,11859.61569925865,655
2.997160388909736,7367.647018960265,355
22.862985660379703,3946.8012677770857,1000
2.9984404386200234,13642.822186799762,771
24.512473165130505,2875.712380859232,1000
29.494490543747855,1935.7666043400368,1000
27.988594475542826,2311.3840460913852,1000
27.250542940281708,2076.116251026316,1000
33.37071365897807,-75.76977827124529,1000
18.218550567807895,5697.119548936653,1000
8.957090695124494,11489.778562158355,1000
10.302139172097698,9633.4512286544,1000
13.632703296330165,5890.546439618078,1000
2.9824117486702724,5446.609191765111,235
27.59344652898702,1758.5135004170568,1000
30.76162987625072,577.5871192974041,1000
19.23183029047968,4967.0795061388835,1000
12.393349093748052,8994.68596155223,1000
43.32426300153742,-2013.250653191443,1000
21.24013954551194,3514.071830718584,1000
8.278939883681296,11695.785649048466,1000
20.848700026301366,4144.5689070015105,1000
24.249045325047298,562.8831269062399,1000
9.399145942181004,10613.292577898459,1000
22.285513712389807,3246.2464584261693,1000
28.053568820946413,1427.2171923921005,1000
19.81816909986316,4235.729556732146,1000
11.307779005828102,7006.159202645195,1000
13.594708811650344,7123.38840918458,1000
11.67046216336426,7625.169497903965,1000
2.9898026275821894,15905.859212677817,972
3.9866047369150306,15511.579314412438,1000
28.750279808931573,740.0494630397923,1000
21.15871886253753,3099.523715252043,1000
6.667178863387047,12334.3300749767,1000
12.442174364116969,8889.800875239025,1000
22.404679146611578,4572.047922533189,1000
9.460821932587484,10329.653797595744,1000
8.334632315742292,11343.052785121092,1000
4.427873026349586,13637.216863763608,1000
8.074495162944226,11513.73151316865,1000
3.8361086933355732,14875.95774402379,1000
8.591299372255527,10720.874700583805,1000
42.177614615827466,-2267.8249643099957,1000
6.128729114675992,12433.723292127455,1000
31.303803015427917,1153.84866604839,1000
24.288442730992593,3661.851426757973,1000
13.922758517818798,8201.329400784762,1000
6.294772615309781,12885.169150292893,1000
3.493979399039619,15524.999972631646,1000
29.160463049945374,2212.330423804402,1000
20.037646066800935,4828.794007507551,1000
8.966192211063516,10443.901373702394,1000
2.9962780771464117,14676.799510725124,908
19.78129967199145,4173.152457904297,1000
17.120298898122236,6629.1144409758635,1000
17.941012416654964,4569.560924793686,1000
6.5243364560139705,13259.779674015044,1000
4.698828908041076,13438.929622117668,1000
10.043625613359346,10166.213737063563,1000
25.74725206698718,2547.90655017785,1000
25.076986828035608,2620.7286683307325,1000
11.875323638031963,8609.912343842057,1000
23.204784004640118,1141.9535876924035,1000
4.207668847848816,15601.77248088969,1000
5.98009152373132,13712.735450216027,1000
2.989399093742771,13871.50405048226,807
17.01730973730814,6648.915237224378,1000
29.75507674471011,1668.707036353058,1000
4.42407907676158,15046.41786523444,1000
27.541104667893066,2508.377130302293,1000
9.813914666488612,9489.6770313493,1000
15.661199645213566,5865.727777285983,1000
13.907613342818667,7395.807837256004,1000
3.4999616270032035,15866.54897604186,1000
12.412227282696092,9001.714861457958,1000
25.059187480208873,3516.481276526491,1000
5.758075167619128,12687.749213445717,1000
19.226440451789415,3484.731819414479,1000
13.538192578911607,6284.454322501321,1000
4.372170864213143,13747.992787365793,1000
26.000164587305274,3033.684168766705,1000
4.360858919249204,13221.202868065746,1000
14.208971370557194,8102.425038673628,1000
29.624030349449136,1604.5296030003178,1000
26.292387866969058,2079.2984274220025,1000
20.124540449435244,4638.42563903033,1000
27.474449719946147,2294.055527303846,1000
2.992666268770846,10005.439005843495,560
10.371919319865306,10216.78047624692,1000
2.995025266417368,13598.685664826513,838
19.11133422006192,5214.202083840648,1000
2.99607279541389,14073.181734830147,837
4.325274129805844,12069.31499412304,1000
5.407734326294356,14093.986979836443,1000
8.877444415240316,11408.12572962744,1000
26.84596963858897,2764.974413539868,1000
5.19431035095942,13920.968320111924,1000
7.2740956755265564,12270.47928129798,1000
32.128476044405986,1284.3336050328899,1000
7.2664367130388685,11873.774683936881,1000
2.990228774059798,16327.85112471625,1000
15.445459620331816,5432.762802658444,1000
7.265639989198127,11343.74360284485,1000
29.35310847874535,1792.2165103182424,1000
25.30648390834227,922.766668129104,1000
3.421486351361634,15353.55331552206,1000
4.922148977884962,13735.585154242543,1000
37.60895934798268,-650.7733006165003,1000
15.721756917665687,6677.140621626465,1000
7.916867925728124,10493.761428588547,1000
27.761297662863218,2416.3063392341583,1000
20.182504220946594,5397.935415841766,1000
8.026618089547453,10619.215631264571,1000
4.078899293233263,14083.640221713018,1000
26.12604234077184,2666.258343841261,1000
21.722762314263424,4303.246379777928,1000
13.518825447287615,7429.539882111785,1000
17.157442415096764,5743.297178408386,1000
2.9993176765528595,9065.28852796702,477
29.494542342041104,1020.4590434448518,1000
13.962599509263885,6468.160509754542,1000
5.528002410675224,12835.070764956612,1000
9.436100137912456,10358.600156412249,1000
23.801926945756755,3326.840442358882,1000
3.269593241551022,15365.791960887513,1000
32.66967038113661,1072.693652914405,1000
33.55364726912538,450.37169526961674,1000
3.8593353392012255,15088.191197406768,1000
17.670681130704196,5703.736101995001,1000
4.988753330662861,15258.044595087293,1000
9.195475074294547,11127.733091688457,1000
14.416140233552385,6745.17553585939,1000
14.945870559996246,7200.973948564173,1000
24.013211504236263,3416.1167122187526,1000
7.036602959375065,12668.952332824012,1000
29.298594731838183,1726.7510998567693,1000
20.614788410291567,2928.7421605397326,1000
13.408554504700817,5636.3363800551215,1000
6.9659926958421465,11847.087019839428,1000
2.982975908398553,10780.522697643604,621
6.749819833688316,12520.378503997452,1000
21.273804906952147,2934.6484732643185,1000
2.9761945159365113,7898.629716616687,414
6.320293668777951,11249.269306410486,1000
3.553120998779868,15092.790266603153,1000
5.367851582826585,13714.985587239724,1000
2.9985815279993653,16275.337511855529,979
10.037286860228216,7561.209195472108,1000
28.85186315741447,1551.8721083276964,1000
14.18351779033346,6072.295421106056,1000
15.16174766333626,6858.86768892237,1000
5.016888860760114,13473.815235307206,1000
8.56108920294798,12360.425164442879,1000
11.10655455563097,9536.949036907345,1000
14.665065074357926,5751.882428967596,1000
6.186971654920995,13043.527469082705,1000
26.84727565272084,816.7520586712019,1000
5.951342853927274,12360.981674809012,1000
7.867231045938264,11269.555472171847,1000
18.989321159928963,5279.323381073943,1000
2.984405459699558,5185.853068369531,204
10.978936449977132,9766.433580006213,1000
2.963730457819969,6132.3530113002,266
11.04784420883068,9996.023617833152,1000
4.77976743245305,14712.395107162281,1000
14.569327320272528,6916.48012855304,1000
24.69256957036867,2991.869287691637,1000
2.989648953571905,15000.320519008785,945
15.802134353652189,4749.389150990861,1000
31.2259561439201,794.6804235523766,1000
3.4279972620655697,14819.223638506795,1000
36.221697608378264,-741.8415465732741,1000
19.321640165779712,4599.096326391948,1000
2.9940747239602974,12337.36674650703,602
12.862594392874744,7804.75662399282,1000
21.06975469937788,4917.544443825419,1000
20.25626580858168,4514.264483629196,1000
3.565257968902672,15689.281442824189,1000
12.23449104911875,8303.595044895113,1000
15.715610645811918,5675.633516570593,1000
2.994135455975804,9724.285221146274,543
18.787158126052034,4971.004068228997,1000
5.237924293986982,13182.49027676903,1000
4.244321914658603,14942.972341371113,1000
9.518683365938001,10710.252894967554,1000
22.029494499185653,1853.8226211838762,1000
12.099168969909654,7547.303794611864,1000
5.530732278180332,14300.623051577619,1000
4.916679510940507,13590.552933751314,1000
21.55969055500389,4408.458312234618,1000
4.146222269456815,15033.436614372655,1000
6.395428056935127,12259.261458181596,1000
35.888714095442396,-3522.871569324912,1000
3.898462430354111,15574.598797282755,1000
20.436233426524247,4272.386766576474,1000
15.628043934255492,6757.061476227494,1000
28.051919791934658,2134.9416583543793,1000
5.859370330816705,12803.122939911596,1000
3.862412554822906,14239.394762741813,1000
18.325044655268755,4255.443780248651,1000
8.102599548320919,11115.182838945118,1000
4.579112305566053,14187.825400433616,1000
9.857470919347902,10309.784870513358,1000
24.73307524455297,3700.975501451262,1000
8.388313869301669,11403.966393803948,1000
2.9941747432318713,8865.573238337993,457
18.354494089098786,5498.530733588078,1000
18.322116402059006,5950.535578272787,1000
19.771849570582035,5511.602447926802,1000
14.503386432957623,7299.499025914394,1000
7.774632695553362,12029.653577237075,1000
22.789828964437177,4288.978711780413,1000
23.373071120169783,3288.3782861265877,1000
5.2217752992789235,13683.348711807266,1000
2.9710234144278855,10873.907469590056,539
4.23411355089773,14991.984086084178,1000
19.96031186315043,5290.086341654305,1000
10.850944671226618,8603.395402901917,1000
23.536148881958752,723.5940054177039,1000
2.9976894024236675,14344.271501808907,826
22.621215778908116,3661.6464496898266,1000
2.9992462811509437,15380.370271049202,985
12.065698924013324,9045.80623490926,1000
24.214272524025137,1867.2880836790036,1000
21.74563316769254,4189.25061926637,1000
11.469538654600901,9348.8724144687,1000
2.99361101546157,12239.177621633942,636
34.245742370692234,-692.2557100162059,1000
16.859683030240046,5944.841257609426,1000
5.503126388017264,12691.871112011098,1000
8.053477122137451,10791.067078185613,1000
3.0973445049804,14783.813602090431,1000
11.123448028199196,9737.37577234542,1000
9.696851760747652,10882.09588202076,1000
2.9902630931252396,14200.668479805723,805
12.277978910879215,8422.893159093086,1000
17.40524581746815,5876.501073348818,1000
5.450198573316332,14214.617623411516,1000
2.99481662381682,14442.570909168868,849
29.719689305676642,1605.0719308324287,1000
19.25005577814882,4542.774696248986,1000
29.871392738168776,1146.3920487054147,1000
5.365714717265119,13569.022579111168,1000
13.3139662547749,7188.654042633892,1000
4.0674626057998164,13827.902800972593,1000
23.56797562904494,3311.788190051664,1000
3.8364493012660796,15539.680631331426,1000
8.074249249805405,11516.790861569976,1000
18.215161893791592,5845.980798406369,1000
33.408919345169,183.0313255272504,1000
14.197324211580835,7365.457561910034,1000
12.816492114405587,8966.937722574623,1000
14.332608668363942,8106.036680466082,1000
28.165431118448346,2404.4648481142103,1000
8.810525576092038,10270.346682279638,1000
14.172938331302115,8384.937957867845,1000
29.668100857732217,1817.3964542428982,1000
22.521004589428124,3773.5643979693814,1000
20.989474445276894,4815.0208472213235,1000
7.998201646349165,11756.072208484244,1000
23.281950756639812,1729.0818284072002,1000
2.993827521932168,9441.39988224819,460
17.350421169249284,6003.880763976522,1000
9.804164140754498,9636.417196678138,1000
30.67318317582026,1965.1529600198703,1000
23.077192476225694,3674.561932286037,1000
4.78197934134182,11940.607786949691,1000
7.551341670262513,11576.7494266942,1000
12.169128816685758,9209.10048222387,1000
14.144335321794198,7839.006218039179,1000
11.776474150833806,8712.707817044788,1000
12.845088071933896,8358.73256205983,1000
3.458482389956486,15317.528229412563,1000
11.873936835912202,7272.5652727174165,1000
2.9705692174630283,14567.102607963563,788
4.5201845231862166,13974.950800335142,1000
6.047755385318331,13427.015735080773,1000
2.9963133510898388,15411.103232856407,858
3.868769066040798,13730.636173260005,1000
27.520246992961745,2889.27414383102,1000
2.9936998422729713,12224.207356638877,657
24.00440739132501,2952.692671414757,1000
3.1844588441622053,15090.0179754371,1000
2.9928837674200137,11444.216394259223,676
19.00897390610883,5559.065120562385,1000
2.999753240950788,14261.113722970902,992
8.811882746222128,10405.684752999296,1000
31.37822460496657,628.992714196007,1000
11.89744705893447,8153.673102403993,1000
7.330564092216943,12412.233633681382,1000
33.88139929621262,-3587.62678262547,1000
3.10104093683251,15674.025744417122,1000
31.013236830271378,692.7606151748489,1000
3.6912514116352453,15079.908458968477,1000
15.573654968213678,6925.4214843673135,1000
2.9723880483881397,13630.962590724757,782
19.642072461382412,4542.380226320058,1000
9.757329316636506,10949.53168541612,1000
15.804309998100404,4957.107723368736,1000
15.100196500980372,7050.167236602318,1000
7.8793566285736265,10885.583667799028,1000
3.8753933717394093,15717.604952890148,1000
12.407006589488462,8581.643019194731,1000
31.847166374533664,919.2701280174675,1000
22.87813113578751,3149.1282587568458,1000
7.268062464747476,12009.270048238479,1000
2.9814239764029593,8235.206187604284,367
16.676537836857094,6388.782395819942,1000
2.9870277160803713,6007.170459604273,249
14.830828057397055,6580.577510261945,1000
3.8855866167746247,15282.331442939761,1000
24.722492906805524,3153.8826822080277,1000
11.31276808235883,9394.193629466055,1000
10.179978092439299,9121.382714318754,1000
16.007687387169387,6500.730777986908,1000
31.043971271531067,1704.2270117291669,1000
2.9986421048254406,11232.587956362406,598
15.411226569239474,5669.311733808955,1000
16.819352759195493,6248.9219340903155,1000
20.493303712398244,4752.445764949323,1000
8.008211824720648,12079.704638641813,1000
23.363573831311356,3299.5883239309587,1000
16.82384060361226,4860.496204744092,1000
29.59311501681112,2166.6886871284964,1000
6.761132740402657,12074.983885884914,1000
19.18155466154996,5213.486577319873,1000
16.67501477951952,5170.208341398586,1000
28.663541188288082,2379.773511917647,1000
6.536510811809407,12522.004110469186,1000
8.841806646601423,11535.121942333406,1000
24.218209360328196,423.9679742731721,1000
34.38445093942006,339.1184744101492,1000
7.9346808630826,10624.032018291777,1000
14.43401036984656,5262.195742051689,1000
15.651498586621006,7522.66009290188,1000
2.9688011253815048,16324.521910652744,987
18.71560929018353,5683.163599976183,1000
22.479744106534643,3984.5475581000464,1000
25.584998141333166,3319.7269695447458,1000
12.134683912074637,8365.848377717577,1000
13.504863821227069,8313.63995454564,1000
2.981316312076082,11803.647372154477,674
15.582144371096776,6010.632681811985,1000
16.475600420033505,5363.969183870029,1000
26.80470429298412,2304.643353343249,1000
18.637886063565592,3199.522083717307,1000
5.616889182182763,13100.279354640892,1000
18.773625638806276,4202.34058464962,1000
3.0530061436651663,16668.961683040776,1000
26.374391741843148,2262.267475691355,1000
25.768488808410307,3242.326397273847,1000
6.289778862318906,13006.851911487085,1000
2.973517632258513,7291.918487441969,370
9.58778010235585,10325.703206593007,1000
28.29489895883323,1901.9726350684343,1000
11.048899623908365,8787.90306162951,1000
34.74211637885832,647.7254877666738,1000
28.388299224176485,-359.1956372428456,1000
28.88948329941321,1238.6464405238344,1000
16.345125604650438,6905.032527536777,1000
8.233981959917836,8807.31974862122,1000
4.296453110164903,14785.850430514713,1000
20.357591284406563,4941.439794843261,1000
10.325898174535682,9818.432941665764,1000
4.713732584968105,14384.238823109992,1000
28.209347217504284,2070.015013848018,1000
6.467523814448661,9655.984056781808,1000
25.501800162478265,3209.186174404999,1000
10.021542095370329,9801.145415149873,1000
2.997544370814069,8253.552809396308,437
2.9973561737819736,14118.226688076249,896
2.9937252040955586,11658.466292639305,639
31.342749263117952,1580.6546066942833,1000
13.788313788718026,6946.887481456639,1000
12.734794789620498,8150.726120548407,1000
20.309257828735912,2961.3523829379446,1000
4.311822606630272,15253.249163307017,1000
2.9586752145714716,15538.687282043576,987
16.83011231289822,5435.375295822922,1000
2.999130898246293,15428.560007994529,886
5.219378332327248,13944.129498550989,1000
15.188927153476767,7038.303691056761,1000
24.769619016557808,3145.572076045053,1000
18.645284494784097,5452.808326889731,1000
12.845794445997763,8676.295967645865,1000
6.681736013916355,12468.971966576892,1000
6.526242447469856,12831.485374234768,1000
2.955263647415618,12182.076552126888,623
7.2713395492602295,11710.614082007169,1000
5.188815217113555,14255.841125465713,1000
14.341753716019106,7535.665307465167,1000
2.988165121265065,10692.162243009718,497
4.297678028445989,13919.197707119629,1000
16.64250698007389,5865.344307331599,1000
11.643153628127342,9225.013676259025,1000
15.926485461978924,7442.676380965219,1000
13.81235391144364,8186.193296672563,1000
4.874659779220042,14594.15351767177,1000
3.6743354786187825,14990.025254255754,1000
11.836855780483504,8762.530474567897,1000
5.1165127741593865,13863.965836589023,1000
4.119913714240804,14735.277124148539,1000
29.69084570670391,1629.7117341450723,1000
12.144731182363225,6931.149029237239,1000
2.988450369835088,13866.676638510937,763
5.514727932125308,13238.371885712388,1000
2.9547616318393364,8255.244364390674,386
6.394911353054919,13228.953164944209,1000
15.174788134578854,7260.166950219516,1000
5.1226153720602285,12774.894213851365,1000
10.825665186162249,10589.368407760641,1000
21.421373427528035,4497.280752777878,1000
30.38748176454091,1950.8495640863025,1000
10.829933938011902,8550.424664643022,1000
12.10143301661514,8862.48986328615,1000
17.82795010157759,6103.509127447391,1000
8.221968178191053,11559.896508561053,1000
3.905824476426862,15251.40874212642,1000
2.981202595567019,13964.241788160529,889
9.233495141821457,10219.645303258592,1000
29.587082930415413,552.8077632698137,1000
12.300009473204161,8465.588131425835,1000
27.132442308483206,1957.6626367958563,1000
7.259149213830414,12021.489731138869,1000
25.966990847245633,2846.126756279008,1000
2.9984491326175853,13690.70085232086,749
2.9839817676203606,15994.24743387359,940
12.942768214765394,8191.352651249599,1000
19.52559201238359,4781.264245695613,1000
16.826402393540352,6294.707220283585,1000
20.3771401235769,4747.782613295645,1000
32.73991514077317,-242.975868744044,1000
11.612125045989986,9348.189751128448,1000
3.53581023526593,14840.296771741892,1000
9.890402575279598,10663.68380839144,1000
4.90819382810571,13359.650191212602,1000
2.9868684811298074,15251.526547940051,880
11.743146948873704,9439.679417554116,1000
26.980206557403363,2080.196258022747,1000
2.9900179673999454,16607.556270295987,985
29.98990516976115,1323.4696206429153,1000
5.430037950598412,13775.135132762758,1000
19.443609270077733,5186.852249383758,1000
24.99860406036676,3172.446183805918,1000
32.679051076792454,574.7241439797053,1000
20.554145083577986,3166.3788589944143,1000
23.56379751546547,3387.845500112624,1000
2.987227022609265,6475.036705882935,276
4.811735119617336,14408.187952144894,1000
30.30928976574622,1215.477126961689,1000
3.0485579246469445,15580.443278247967,1000
5.868029627389351,13406.211068679964,1000
19.419054336793742,1896.0268107952634,1000
6.278082770240593,12983.252043459837,1000
31.1388241878671,-574.1744151772842,1000
2.9897315665554554,10078.767262805874,500
4.314543088273353,14316.005984446512,1000
8.37874574587129,10642.40251604617,1000
5.334003091622125,13833.378875331804,1000
10.558348482247903,9774.935630397224,1000
4.915945474999362,14546.212801807707,1000
19.121977124679493,5340.02949331745,1000
8.110206408875802,11748.145305432376,1000
5.295770851115903,14197.161471590036,1000
8.088158996521011,11138.818339484596,1000
6.62380780749192,13058.0867061999,1000
3.499912068848078,15287.076331548906,1000
9.186944665944122,9814.889848920408,1000
11.240560561980265,9191.409160170586,1000
26.00477496141535,2668.1867452401775,1000
15.344329125702298,7412.703670429666,1000
11.092526133277948,9544.07541433997,1000
13.242136492871722,8358.274960898047,1000
7.116533533531346,12262.961438246408,1000
13.328732213476206,8072.563610926022,1000
20.44046799292937,4958.446671059861,1000
26.11873834337175,3369.774169961287,1000
11.520933713167247,9633.602347421484,1000
7.4425654218036135,10176.647886712131,1000
14.9699543414842,7584.425842050326,1000
19.81089303209172,5666.471677965863,1000
2.994262059010612,12864.079516361191,720
23.411991596648885,3498.1783925484847,1000
9.863914767490526,10697.486092259494,1000
2.9717243018320683,15565.627226039722,910
28.167516753962687,1868.6398836350618,1000
10.567983693912403,9415.999163530007,1000
2.9898210054784773,7904.040193411941,490
3.1620203794002504,15554.352202669768,1000
18.15488108809645,6196.08253116999,1000
2.9960451710998903,11531.647545374237,646
2.9888805257978968,8352.935231633777,388
14.580398320938766,7623.170344662676,1000
18.04876158438509,5510.882758688832,1000
25.637613195445557,3099.9391788647567,1000
10.617985880187126,9690.482004260195,1000
14.978443759445835,6927.43811879125,1000
17.474852205291175,5886.50915010105,1000
11.520361605523048,9585.296580967317,1000
13.761688222608623,8528.055361078073,1000
6.628482071851137,12894.937036581185,1000
18.386629196278317,5163.239705723712,1000
2.9850580667589446,17011.477178479716,995
9.6614684658827,9609.311821986836,1000
19.372428945338395,5472.384802601104,1000
4.771736148019465,14170.091354057313,1000
6.586481492718474,12142.224977406519,1000
2.988191912784881,15957.096413535759,953
11.809287800099085,7975.580827563297,1000
5.08613084425706,13332.0331239494,1000
3.624820246219175,15680.98413048736,1000
2.994167131665297,9138.963858169549,442
4.6553039082880785,13768.219475965372,1000
19.272708307253886,5129.072448725176,1000
23.717931295717396,3806.336434903213,1000
3.24816239229357,16278.332337570444,1000
26.876990161145756,2772.0309230105795,1000
3.757186261837618,14070.620389813723,1000
13.171091060520364,7857.667457735878,1000
13.593018236554494,8092.152977907417,1000
13.831957060415347,7911.864479489655,1000
22.787777705091926,4108.779114151052,1000
25.185901023442685,3185.883728205097,1000
19.300853164144268,5769.611367259168,1000
3.091162526800747,16015.887368331072,1000
16.859237168257724,6006.339324099159,1000
9.940193010768162,10017.303848302769,1000
23.082948045138597,3088.030650184687,1000
29.098814980591406,2195.676015340379,1000
19.631273743217843,5391.6958701240965,1000
16.01618831024768,6930.455193815284,1000
23.28249723544536,3434.246135115954,1000
19.941451593679183,4578.602020972462,1000
7.038982306942467,11490.975605964622,1000
5.333876329718526,13426.012242445488,1000
5.417752239453037,14339.427965398654,1000
3.4121195017237964,15427.081776359813,1000
9.474737224000895,11644.736487208484,1000
9.466079708499528,10297.15947500439,1000
5.0152573543975025,13019.907110997627,1000
5.957822529683008,13448.930230146007,1000
14.686889363237746,7697.207866622908,1000
10.43780443436892,8509.876224950742,1000
4.4335967477683225,13306.82085405228,1000
8.610807996178178,10029.970803680488,1000
4.510254949386675,14635.455313302595,1000
4.563057570185233,14570.395079723237,1000
3.2102192399808245,15237.281271157983,1000
12.375661309689782,9021.851939340057,1000
4.798618493865173,14109.208795659702,1000
12.506403127835794,8973.539699193643,1000
2.989679193762,13839.923141788544,807
7.092581794966303,12517.155446657724,1000
11.907309490251922,9711.054038573224,1000
2.9892457397294168,12716.900727564946,658
12.398301131582874,8761.996500909278,1000
2.9919223943414854,16157.908923723102,949
2.9726052470591404,11115.86854082541,612
14.931941641832827,6893.225380059735,1000
4.729897389485607,14757.532069551413,1000
11.677477075760724,9816.872039062288,1000
