23.15244683440601,-5676.0197403584225
34.476247426326374,-4711.983430231576
13.527074301058423,-4359.423316680881
46.0348688852497,-5724.5833746456365
18.369499148991416,-4347.122938759808
26.175552564172676,-5120.770169532039
50.17911527503234,-7726.533721492275
18.76956785841671,-6079.073947910583
20.3185659206502,-5272.986351225318
18.51839636072053,-3246.2503111706233
2.9898186163998286,-1139.3535316986188
22.050900913485865,-4001.364400345847
8.762277678620933,-3945.01941370133
8.643736684212001,-2455.4684953184155
9.897515313235447,-3075.1594182437548
26.41689101748551,-4821.173485397163
9.654410462267002,-4237.798524607697
22.96743813445624,-2401.818116090337
2.9720948564640794,-293.21947100399257
22.888647885226835,-2805.6495157569825
2.999392536400927,207.3583667763629
16.590697717233788,-2904.308838029525
33.14417162712455,-7784.607903777
27.61167863681819,-2084.8674802521978
2.992446352153017,-242.9404217095214
26.25916351289021,-5391.0243655922095
14.88214224949058,-4762.111400144838
14.976983949637184,-2674.5490099583903
19.21855193324716,-5420.834142613557
12.425921212637615,-4429.063207696146
36.71569331226223,-4159.431734784972
8.44080108524176,-3015.8748399842543
6.5123105694131045,-1882.7422413193556
39.76793132627913,-5567.699372446303
16.262302435977755,-4477.487760897127
20.46501227000457,-1448.6178536956697
10.775541574512106,-3211.1671740177435
27.841106201986854,-3023.8712464581404
20.0679389239987,-3944.4470224373954
12.081341710325804,-3376.234738913668
29.817725119208525,-3734.2455872864994
26.339396766199204,-5697.627274229891
18.33064060377705,-3783.5837164553914
41.76516170832452,-6462.085708265213
21.505443820381807,-3268.756162840797
22.45644783943994,-5359.518236328781
12.523817185381283,-3221.4883597536063
43.02514717461713,-8532.196962542965
21.325723831608304,-2930.87171314771
21.1635419605567,-1072.9227891070925
27.183165377434143,-4889.00326163354
17.862866564625236,-1747.9267121615592
25.710119180989476,-5678.278990717224
7.323926435240192,-2258.2531483158323
29.20256585424979,-3568.1930112339505
7.150171110643279,-2288.247251595149
22.572724647989375,-4732.736971612799
17.107165292635663,-4874.731499388271
23.534821796932892,-3673.7986435763255
2.9669149268169988,-1374.2219189303098
6.1721698268473055,-4173.303317144925
6.54080248209315,-2760.187994538304
12.177968254330331,-1771.0828934857848
9.582593531075696,-2793.0879969754405
7.276008947843924,-2995.8157545128697
2.9919209914741476,-550.2566615489307
31.892327938813576,-6461.539452857925
5.669545986629697,-2347.147995617823
2.9871865264273794,-465.55217438237844
13.789172144305926,-1165.606091312655
10.107649668382402,-2141.914432274504
2.9888860116183507,-700.7231190358884
7.404062909723927,-2387.408780642983
24.3173083946934,-5577.085659866786
21.305036350014163,-3381.736000621148
11.07022454263587,-3687.563261708284
7.301860534353508,-3049.991882646009
34.69564877424674,-5088.00140974193
7.70999134240067,-2390.398853953384
29.018630912915064,-2749.078548539296
14.055221790467133,-2976.835016492358
6.705290061524299,-1857.589043992449
21.268721893654888,-1707.780043592912
10.32415966067409,-3074.8024066950743
6.464388013608379,-3201.130452889524
18.82118997490832,-3635.389673932753
2.997419479698996,-287.7290470071664
31.86183994868364,-5456.941901815055
16.120728881416824,-3051.136481335866
2.982321364589093,-30.486113661711784
6.3182085491033275,-3347.6786862874133
2.9617456207023967,-1118.6758934158383
16.28481175258379,-1528.551686945465
34.26417884294069,-5745.845771434468
19.273003697193737,-4603.640790509377
9.473092372946713,-3198.6897518622554
4.174672014138602,-2967.407473236061
3.3116180035426903,-1670.0459649427046
12.38069317647374,-2444.6747473920336
12.796388379386867,-2656.1631173746855
6.422084037062735,-2303.60693611412
3.0993749391704433,-1591.7810924181176
5.7862150015002385,-2933.8861787120886
6.079349368083293,-2744.6261015449927
33.17587597108788,-6870.983573428111
5.036667880368455,-1658.4219678552893
21.058201710859308,-2102.853090044277
23.485538739940925,-2188.3725741295025
23.232231305332338,-4784.38373487642
5.251024161672316,-3241.8758366574684
22.308551243817156,-4460.518761622515
18.218682154787523,-1655.969091112274
2.9868072003533284,383.24534675751056
2.9829329866603995,481.0086978160917
3.453452347847844,-1545.2411946466477
30.794222172922098,-4218.942580979363
10.299386429349854,-1424.899384750267
28.30567139636514,-3160.198334187954
4.66453046889729,-3754.148913320416
19.053634383593806,-1594.7265120446098
5.072741868366727,-3862.159579850148
8.013284549911727,-2593.197476149254
20.54070963763123,-1785.9545724575328
14.37158914454833,-1254.2631405868522
7.444730597027076,-3381.8901280613927
23.231867756232514,-1930.950781689258
4.532683632285485,-1398.4732528610862
2.985855975029235,21.241998689909224
13.56263254829269,-1705.6726300431565
19.050309024052645,-1638.6248879419152
27.51523379443652,-2529.6174008640455
6.320933536732481,-2254.7551474631628
29.87395321011819,-3849.5870356803853
3.8923183445994374,-2772.309221775619
2.962625190242878,414.6027428302948
15.770246338935294,-2436.528126252203
18.476641718245222,-1767.5543617893084
7.7995241816850305,-2384.6658796943148
14.09735768859987,-3449.693500314178
2.960843062302094,508.1337531838712
3.245348606738915,-975.673575236667
2.9906833304329803,-1449.3891592839175
2.9900600770348342,-151.58719600358677
2.9860038500587436,57.38823329362657
2.9868792264643935,-1100.7594495547041
23.818186960422743,-2839.5078592405766
2.9874322115498297,-92.97396511326622
10.867023184428264,-870.7621407089285
2.970805729704682,238.96563646642107
8.9178646973407,-2855.917000426373
5.03915877577385,-1445.4475633118934
22.02791546537274,-1902.8705592384752
2.9778828439995215,480.60282701243943
6.040598241588371,-3420.2519847104263
12.402564651476872,-1655.1523487963182
7.959370073081948,-2341.7960339555616
5.895435710269545,-2129.6392361336016
6.004411768636236,-2491.0591407522465
16.18835360067114,-1799.0069640598663
3.7433788146012748,-731.1542609904105
4.389743327775481,-2617.4834568285814
2.9981488082120333,-77.70969555896238
2.9996090939438362,233.67181999767575
6.676017259474761,-1531.3669764691888
24.77356771960447,-4163.692361334738
9.53089479355085,-1345.7426071179527
3.621929128155848,-2647.698880860427
14.061582810585039,-1329.7737956396588
2.9940027240377853,-378.3256210437679
2.975141452502086,-1130.774438100817
2.9823986111115985,-502.1688012419661
2.9882773325144267,87.82486228517439
8.866625157165487,-1495.0401459107075
2.994011597285249,187.993124690069
17.064801468573894,-1379.947224654714
6.601511210200889,-2457.9987491435836
7.529694348483527,-2598.5465525846103
3.124399313467062,-2310.2065726415094
3.7192594273389283,-692.8458857852211
5.708366523588756,-1121.4252285022892
18.322745980002683,-1679.0601634537995
2.9964679544772403,25.104302341173934
2.9749019906963254,-752.5562200600714
11.40739245909225,-1729.630975636093
20.277254450011043,-4219.45035923619
2.9912567149521765,213.51501892282806
7.730112678965783,-1718.385181287695
9.650943455250262,-1960.3890926746117
6.11941477883715,-1979.9663028426248
10.659511134325287,-966.6061743960397
6.216066352979181,-1941.7084163546717
8.911979279614624,-2702.3737047573204
17.993049935503507,-1630.499616754893
2.9918287140325726,-16.896647361819532
2.9711730124130495,392.6773152317909
2.985158635965415,-75.24328657840545
2.9965430286554953,514.8210127125344
2.9824619391137435,-1352.5458362532554
2.98172780611936,456.16405263234924
6.483364975678992,-2288.267978207596
5.533184813114763,-1162.4576602708253
6.387588990926988,-2671.156099477578
7.36946462336171,-1865.3352435657748
4.513074897660055,-905.7718989998464
13.667467730023136,-978.0672743144158
5.239259971812055,-2669.0400392470256
13.148901937862002,-2620.459979989912
6.063231978912883,-3628.139189024432
17.85313760366415,-1018.3299350739375
9.140410742215327,-2460.674509749874
9.07717488351585,-1669.080484261046
14.938506516546203,-858.2908127371164
3.7244309674283356,-1206.1498021004566
7.188445644748705,-1350.7614777684742
12.796959680085159,-1405.526104750495
4.923527661908338,-1910.7177628578481
2.971005046973878,-944.929688646539
2.995140809737492,429.23828234430187
2.9904462399342977,389.19803284007634
3.578199744416135,-2634.819059292358
5.8243229763991815,-1052.474069650162
9.059061008721352,-2094.7045497346066
24.865581334286954,-2464.4398643092204
4.226447051210519,-1115.9612770439678
17.489862528404778,-1156.8085429484313
2.998262759087794,299.5051567467809
2.9956098222287437,-584.1638272371099
34.41009280613272,-3755.17015567111
18.04218238412536,-1930.794891034518
2.9855741711342176,-277.6615028954823
13.864119266479051,-1524.865518869567
12.179223962092681,-1078.013486493513
4.803264101314388,-1039.7362901821407
2.9890561150060315,-69.07431262861792
2.992741416443373,250.60827096419612
4.495049801604241,-1715.9318353730755
4.756544384143299,-1394.0288232768953
2.98704559304795,-459.8140469846704
2.9690591803163673,-259.84184600481785
2.9990803622717785,-344.81579504828335
15.374372757867123,-1691.4021930097113
9.251210605380887,-3523.213855063961
2.9916470259991974,158.30246057090505
24.675837092631607,-2944.8441000604244
2.9837838588749346,-469.4624690220277
2.9816651434179082,267.7111692750867
2.9838726418087425,131.9095369024996
2.965388908886824,459.2081081307704
11.829119351744204,-1565.036299508025
2.9765107907303436,349.52666107186917
13.30882026922517,-1129.4937744807037
3.3041704462632615,-1214.8544302678133
10.775250978562061,-1135.6362318366673
2.993195200120848,-209.09147850550016
4.3448120647404895,-2356.397206369918
2.9743399507011885,-230.60160950283273
11.579221493928207,-1260.3861698773815
2.9947408857175284,455.7665468105731
20.40273163737449,-1823.3982543142233
4.999515344865463,-1905.002227759398
2.9836880732170115,-644.6994706630846
2.979119372101076,195.84216021969837
2.9990141013209812,-400.8057055954482
2.979838657244521,170.3089799610492
8.864098430760048,-1552.055067540429
15.111487040583057,-1831.6833310011123
2.9611846328042857,-861.7145337765533
15.74588736122118,-978.9216377016764
2.97325804008236,27.533660609452284
2.9732717740779613,-633.9253916869195
2.9511231264464626,20.59721887596561
18.437373450885165,-1649.6547901486645
2.9765166312054094,-313.4190768150918
2.9804434126716166,-1520.6775642552739
16.650341173475567,-1310.7400090289166
2.960599774933327,-531.9670006231261
2.980022923595319,500.2937111000912
3.45500379976662,-2445.3014066602877
2.976764678934571,-190.0311116684852
2.9966871979939995,585.7284345375126
2.9784799538258278,250.0409376445856
2.979247518595174,16.076797434730167
2.985424194564638,-330.09545279498036
3.8646894180880107,-709.6425568590397
6.0874633102926365,-2546.692267768868
12.088040177813637,-704.9755283726055
3.6937368911320827,-984.46927065924
6.799439761340243,-597.2767660583617
2.9453812962201233,-447.5651083987465
2.947833600860392,210.6098322412132
2.9981121081717044,-644.0283963170975
2.994628691650901,449.06026540239253
2.998303257279405,-312.7561570941765
2.9887691585520137,-291.43166039998505
2.984232825247216,-1585.1497516716272
4.874715555335656,-2545.9114654524305
8.900535462292643,-1987.445941158477
3.2879386259565795,-2529.265404354676
2.9950171653767352,74.42625971300146
2.9985110228477954,59.23117779316004
2.9672898254508375,-488.9729697531517
2.9919877888834234,-146.0062975532063
2.9944290159378695,-86.47674363954218
2.9424053422942418,-344.07559537613065
2.9992197876604996,189.89658080179032
14.24179439449047,-1003.6901443640688
30.10280391917769,-5972.343494648353
2.9658172494271398,-421.27707621805973
7.932420010809329,-622.3721641575767
2.9848473182864144,177.8796338099188
2.9928268166192646,-1372.143027237
2.976450006846567,-330.99091354696543
6.816452658215003,-798.1924373319257
2.9988531129396163,306.1682727322689
12.506249783586437,-757.7753765097352
2.966952412289921,358.2026459511459
2.965934844283973,-699.7258090369437
2.9666704304012796,222.58738478992194
2.9978677897828647,-154.93074530818444
2.9370483206949203,115.84277288214673
17.34913025496638,-995.1525302522656
6.347058359300976,-1626.4719882113902
47.883581675443,-8653.857023424023
12.285098414954087,-1321.3018256222124
2.995367371835262,-790.9808895324554
2.9832239030204506,-21.631331850577
3.6946900928817277,-2376.95715424792
18.078130279634266,-2325.913437401448
2.948131656084627,-74.82799922290849
3.420868108442914,-1007.0787947213769
2.982050182454263,-497.00823151243594
30.58823336086034,-6744.627691249646
4.129764393159968,-866.7727249947121
14.83087341946112,-1196.6297345863588
14.746909046144017,-1889.742045240658
2.9742764140322695,566.395933006083
2.964911673554473,-141.2723606093765
2.9965345589280834,-421.3927484069942
2.985737885405073,553.2461812507254
9.376200191129959,-684.313388308518
2.9738148981892607,-184.76907780254487
2.966601411893169,245.28784654575662
2.9980871782244285,-758.370618192123
2.9644302122185118,-1071.7169600818675
2.975028872964649,89.70371351108031
2.9718801779217205,-268.5699094246444
2.979540442569081,314.88410689642353
7.41349981268108,-1557.3011752340221
2.9984200900308142,-514.9386200328471
2.983372216750263,260.61708212234385
2.987037304997336,-259.92406882057173
2.9447093543119283,430.8859437636211
2.981296686304209,367.85193970700857
11.397913463048397,-1079.9196804047026
2.9922098187757453,360.95859112529354
2.995261844211663,-1825.8660774897658
16.092581655789164,-947.1929182144191
2.988021787815239,-86.06046028872709
7.416602949468744,-3818.3330598812413
4.95595988965923,-1135.361884201711
13.930381078516445,-960.5077495508342
9.07737551371161,-964.800337046244
2.976846028377691,-112.31868721009619
2.9915311195817376,-361.55210366194194
2.955047787826108,41.14160428791712
2.9975124788819074,-589.4724761304863
2.9912576589973225,-149.58399190506827
2.9737377851285354,146.91988091858457
15.778792266722743,-1137.561427679718
2.961822830161944,423.7039045087618
11.577613641966632,-800.0638988585562
8.532325244427595,-717.0912223981272
13.575291810550754,-1031.1135929107247
40.04973228302917,-7265.34003348319
2.992033099427009,-160.44092884588667
2.991188897469444,-1136.4779416076838
13.874521702495693,-768.5103603795425
16.390423549680794,-1124.0405618284447
2.9767864202895953,-35.67356596404932
2.9640712676257985,-1072.56480460197
2.9893560028375554,-636.4400912201711
2.9947759052126095,-547.9474639801413
9.903213062953673,-1604.448003931827
8.22966287810862,-1272.4006410207992
13.507226904101234,-1118.0244017532852
5.076376750899475,-2389.346834068828
5.800125870062988,-733.5545840055045
2.993469031165747,-266.46930068390736
15.88443323534014,-1145.0829293961394
10.927682028912853,-778.9809296764407
2.9532081500711143,-224.05337498460938
3.637106527773044,-1159.1249590838986
2.985467564805978,-572.1640925097302
2.938702656257594,-902.4218819313387
2.97462496794852,-488.64945891120976
2.977045182661624,-92.21980975743008
14.995830045191061,-1039.2285845170315
12.834067705892128,-1140.8878091952386
2.974546336330258,525.8249900029958
2.9675663645627415,411.2034507283165
6.190480102802423,-2278.9484662166315
2.96321276146558,-256.7581148337363
2.9899611849997307,-453.49401103549496
15.791549521523448,-1596.7808530606233
2.9684512990431164,-4.843974629800982
2.986555659711331,499.9668822305089
9.760644063332071,-1209.2090571997026
2.992139726271155,176.4834657075205
4.170951187085867,-975.9582511052897
9.888973573830853,-897.2352030758858
2.9899914129054257,238.18414709571897
2.9841827459748873,343.3832247477976
2.98326727692317,421.28410313428884
2.979468230719454,169.92108265091264
2.9641631383998828,281.143903957706
3.4367060187719387,-469.5130858553843
7.802685222309328,-855.7539543048952
2.991748516518675,-666.0836048958156
6.103738650025338,-898.0889108601026
7.124914909499359,-931.3250492665815
4.184297744473415,-1106.5408684842503
2.991428985091449,-108.35058631613299
2.978404470164175,332.28751578848687
2.990382395612927,311.48352031031123
2.96977216887207,-65.09374356880335
2.985803239666584,222.70577693353914
2.9936867936134997,-721.1569374303817
15.154751187180988,-775.2056536717722
2.995245570383512,-69.80620254672681
9.893438777361917,-999.641869732106
2.977709448715201,262.33959844291036
2.9924219506025103,163.9368036195683
2.9755130786560273,-144.9036432554036
11.782498793308957,-621.7192601925299
2.9877290145794024,233.69928898295882
4.313311729189808,-1123.3720921978947
17.388901865295168,-1526.1614823507969
2.997432917567325,483.61543145580305
2.9854256865974826,321.6398671167863
2.9834781462731854,-100.97983732949979
37.04099319661548,-7310.12710408282
2.997678626905732,490.6924083035952
17.559119373441238,-1075.8021185590621
11.819702776233445,-1159.9512699971506
2.950356786602701,-476.8348803425272
8.320364353008532,-1060.5679657444566
6.276241135231107,-557.1274462142404
2.957454205283539,-176.67621997966728
2.9721965387963847,-878.3377047920242
2.949928184081283,-58.29478901071286
2.990541694168808,285.20710950501643
16.172529168721418,-1045.5886805705154
2.9911840981120013,324.76405634859304
2.995664544447758,477.6670855942059
2.9964805461363295,525.3221929634725
2.998094588337438,344.09529495276263
2.9963568467578328,276.8768153516055
2.995900462999187,-113.3325876432989
2.95399135889749,-36.554403138322755
2.9672087750215694,-1151.288457064277
2.9831784698753525,-239.9697370671605
2.9860014346130583,-32.49424136117307
6.1277095410855695,-2283.5431575879693
2.9688198734090503,-252.22354991644045
2.991109938581322,179.40994450777623
10.883152127161459,-602.0702276908725
14.937994616146467,-965.0187983418406
4.597115507523581,-1100.0181825785644
2.9958725466216762,396.6044262618741
2.998228367349073,-151.2823638183512
18.711675060831812,-1274.8720934822607
2.977463646995889,-1145.954150957665
3.4404429952343643,-1126.4978848101184
12.824307667409304,-1282.710076041705
2.9935212591372338,-919.884041403478
2.9856190097575603,351.8430889489232
5.4582639519462886,-1168.1326874277652
2.984022551519084,321.60394307722186
2.946739899808207,-552.3936843019524
2.9715250418521535,558.5352766277903
2.9582518038172565,371.3750830330399
2.993471961044215,340.32283142063375
2.9899752625774414,295.51050362780893
2.9764937816114747,253.73853424089182
2.9653589740507953,587.0281265713169
2.9774295968395665,343.0016042759255
5.087364352917089,-667.6377930278899
2.991459982368172,206.25360830099862
2.976154920259121,260.2594953583364
2.9768161704850282,322.066196167513
12.184219172094165,-809.5187411169283
8.7107796765794,-1034.7974255243168
8.443178875101324,-1191.0873458081023
2.990589884232356,-267.74526377513155
11.399616554118694,-732.6964996363257
2.9580073929386845,336.2335856564898
2.989533698956979,-150.59508929526055
2.9946129782912028,-152.77439329904178
6.724532786905334,-846.7736021969632
3.6271865755823414,-1490.8676886133394
2.9862543855367942,234.79236473122774
2.9841783723293682,-47.941531586987026
2.9927152365742336,418.12943491465825
2.9821871121081966,485.6038664480754
15.53787209784348,-702.666813857663
2.972703960260953,451.2486608262414
2.989922778263729,-59.57549693390638
2.963514144282142,-315.8539768726207
2.9967740030248793,461.2546910596446
2.9800679366186453,64.02492299923443
2.997728278969554,-150.95892554975376
2.9759440861269724,349.9124567525631
8.785684104890333,-1467.2506155507986
2.981714670761972,199.90641883763743
2.988128028902566,309.5456373250465
2.9446115907948593,96.86292654927416
3.8581930276504988,-1394.3349216493223
2.9900215065462046,520.3928748504678
2.973573554454285,-291.2322575839395
2.9788996769172136,136.79622201212084
2.9870483223719915,508.5225960964108
2.9998559313198196,-174.75976539665749
6.40117157507474,-636.3678052231307
2.971893691353698,596.0446537643062
4.388613639394798,-949.9344926994993
2.998007432438199,370.6585989202439
13.364501045375501,-890.5179863989017
7.4775404997636645,-600.715324456727
2.997158321045259,363.37909651180746
2.9548524043890465,303.43694671344747
2.993786711531793,112.71020602947766
2.9981394385063282,217.24991152035386
2.958932780332672,572.4728155980373
2.9579939202072767,610.6650333810998
2.972140094389576,483.5912110907524
2.9918936341793745,170.92491375694846
2.954178628990735,610.8234133420121
2.9816570355213594,-110.66771997711703
6.64592876920553,-744.4123563363194
2.9902284471791902,85.04973438652604
2.9839878340009482,-69.20400477692908
2.9804343429045814,436.73002902238244
7.359090000360836,-1010.8699034926065
2.968211638482012,340.03403066352956
2.998503881514028,344.0781215262497
2.972281317741931,209.16959286839216
2.9736052435040525,94.8833872176516
10.260418174543778,-783.2676247291133
2.9933842305691116,534.4271333759275
2.9765060235414635,356.8417774519824
2.9590443116740066,443.0437288795447
2.9966659424710977,337.21583705779926
16.55182730264003,-939.8493030521436
2.9285092719584616,495.14522107277895
2.9937704430039345,284.91178750248275
2.969032120575493,535.2217387041529
2.9914791727242673,-13.339002904531526
3.6408253441105396,-718.8084766726648
2.973744046394567,455.3481745032221
2.994491110384673,524.5985202191382
13.602629053097468,-1028.6694066228774
11.964675594718491,-926.5015046876656
2.993861115494638,56.72181228708541
10.381882813871194,-914.6853453562161
7.219900978491894,-445.54842887222117
2.991195463013628,296.5792684880947
20.79815785981624,-3244.5116496231335
2.9851892240143103,355.2187269361241
2.981615931079121,463.1417526789083
2.9487006549413355,436.95419829617254
13.308410947552758,-1207.4474864718518
2.9971563983394467,73.9437720280136
3.3407262269120857,-650.9070808910266
14.376350953911379,-1166.8874825447451
2.9518462006464388,173.54800703275322
2.999637276318727,569.7294473269428
4.958570423561593,-881.760846589104
3.4871620029250825,-1204.2547241830664
8.882200830414057,-929.6855914862948
15.586268305860308,-1129.5819995970953
12.095383957373407,-944.6907556762807
14.105189292649175,-1732.7340456851384
2.981827057386929,429.110274954151
12.888721167566084,-847.7757725563978
2.95170850364562,521.70560665767
2.984188505431702,513.5476513643802
2.988343942275755,261.72028580405396
2.9994453832696055,-1000.0834462258258
2.992195444026845,69.83007796289445
4.294084105596791,-845.4640697590207
2.9576466919495528,480.0365165413466
2.9949630256238087,303.13958501868893
2.9957286642945613,555.8823539602686
2.9945547998475184,428.74615962153973
2.9999596094662215,-284.90225656060375
2.9796500499649583,400.0942936417021
2.982873238700747,626.3560111129615
2.988978471346,222.29245976926444
15.076484624564639,-1107.0269641621733
2.981475377759552,-4.513449737758378
2.9559708825460898,464.9293938752639
2.9907810588406547,72.34901883568466
2.926026877243987,537.9414849465982
2.967236562165155,438.86450404930423
7.9932083546778365,-876.3678704003876
8.684353566872492,-952.9227436620594
2.992983916024908,86.23102863165605
7.409959340396315,-962.445203452315
2.944759162577675,303.6406492315891
2.984761006853336,546.2210660124155
2.9734266165327505,-163.17294201351797
2.991205239456327,127.6913565092076
2.988359553536542,-397.88806625439474
12.930535198605687,-903.0980590241476
2.9734225962669023,556.5071593017643
2.9952199452647217,429.46956423215823
2.964398247821959,-684.5230262295479
2.9868661211524996,390.41609818816914
11.670131239475934,-896.3534620306193
2.9767234370068705,176.4871906024922
2.9844966811107465,417.0649206187607
7.278458075450031,-929.253413190101
2.9835511189009765,205.070958239851
2.9783831796530236,-236.2743584041233
9.980953726554231,-845.6004967932104
2.9513437347157363,-202.05200550681673
2.970085349499112,-51.711952447399085
2.981031846482496,-315.91210989085596
2.9889507876566888,177.99349656764156
2.997085874436659,326.8159215712741
7.380990656810075,-690.7009357686464
2.981750198226479,-466.1507476928464
19.97504712214136,-2490.8811302897866
11.921637260119562,-796.3916402537166
3.288303108471258,-1047.6465875706515
2.972756860503091,472.51134847695386
2.9524369948238665,365.02440691763195
7.9300492529515,-1145.3600025812354
8.918753491286402,-1023.0839624326437
2.995616562349019,379.31459540597575
2.979103454568699,-245.92226005952477
2.990535886747056,-188.6579602942711
2.9738271578830338,-234.59088836046908
10.783282763052073,-1007.6555245383366
2.973753403630248,47.4394954203417
2.981921791441369,504.8504819722746
2.9452553627637683,225.1508963810689
2.9652751637888626,290.32658819478354
2.992077878530995,-371.05663347597874
2.9857100788660786,276.0155721888327
2.9784304270409803,532.0822506849621
2.9981669376818685,99.44555776345447
2.968339050798358,116.49902886603593
2.9863385811779675,-443.55949606830654
2.929772304688804,-116.41439723362873
2.9964150709448822,482.4442567431544
2.9932346298422425,217.2955354851348
2.970437533444147,-101.64548921663425
2.97282914570509,570.476006411845
2.9769267644921604,496.28184086981827
13.120550713062256,-831.8149760977635
4.203716404384427,-542.7390820559401
11.44363072652691,-1008.525480683383
17.33456755899626,-1051.2824144223832
2.968838570237347,-16.664374355813834
17.53919010903506,-743.2750088064942
12.375958548972307,-856.7985532609401
15.292784189812641,-1131.708244316749
2.990501429871774,-159.06234102407348
2.989673441146889,32.151439573200605
2.982380219056068,-164.62540062537164
2.9958882017523227,423.9377495543051
5.244099047248059,-678.0681662502018
5.511302859291979,-859.821352256282
2.999805967318367,82.39137820804626
2.955109156421137,339.28047394149536
2.977079985598722,-382.22436788053176
2.9946854580680657,267.2054117855465
6.74211985089545,-866.9755629465186
4.410982624100528,-666.1713691312232
2.9853410659097226,372.88807406177716
15.236056245948598,-856.8223133745887
2.963122626251978,378.2322914242511
2.987748923176697,-206.9266982535131
2.9873529019294436,-217.4002835845498
2.9751900792703916,498.76326372594053
15.312494048763185,-906.9460236264995
2.9942372279034117,277.19653994348147
2.989630456451865,286.74921252762533
2.9516991534391295,-461.05656119172636
18.271539820540344,-907.9432813091657
8.005889905538464,-448.6200508945716
2.9947789668805447,251.56709952093732
2.986822779870631,311.0319398962015
2.995564037977123,-228.05569454253623
12.555640494435705,-661.1725643756546
2.9427857659922307,248.13120602361025
10.51669681613513,-949.9470090972804
2.98589791919405,505.059954575692
2.994884213257146,205.6831960301344
2.957986544907018,300.7455927666253
3.258883744230558,-750.9342761034281
2.98897482800666,-51.541956698072795
2.9451022338240525,-32.22934634720684
6.200400029173296,-1100.9866536229947
7.026780734156465,-804.5040266807074
2.98888952541454,137.1496536371273
2.9921950402973887,473.6313046749597
2.9825419608732338,183.21981868147776
4.828395046907869,-472.0551165434871
4.676332047970096,-875.0477451335724
2.9595389673680295,127.47138703796463
2.9733275471353497,507.54687309630424
2.963603776519587,500.396869565855
2.9482633205760562,-41.51164671907645
2.958722590194944,37.246838091742745
2.9895614956722456,388.7061525488816
2.968740288786191,76.91100058408364
2.9843372103782717,106.86297457656804
2.9846873864502803,116.53599820758222
2.995471294789202,304.54438453419357
2.994965896311379,385.1666601379052
10.466267792719805,-1007.1009070064224
2.996915943389015,227.2406903112922
2.9882348558225784,462.21432155324453
2.9756109043898573,-217.1534488747376
2.948471675961103,418.4862142098459
2.9646437622807533,550.3595905405297
2.976248772631566,38.45701530125632
2.9651350227837794,-418.32917366209574
2.9846463788307402,-50.63857884288052
2.9957108602050613,452.8393860355827
7.3661351688545755,-638.2634676777566
13.850548974689895,-1119.9497327161416
2.9950776935041965,136.62425815439337
2.9963702361923477,281.6530618947088
5.233829936403348,-399.35212690480654
2.9717001361058695,-475.2910863344256
2.966972190402692,426.101572492894
4.089769367803277,-478.6055819468285
2.969073069900696,496.8189399747629
17.69951285773435,-1080.668885017145
2.990260252990134,-87.68963663334443
2.9920848935994284,541.2053487811212
2.975015194441369,549.5377489008671
2.9871161733976708,-68.36768673535005
10.549786180832692,-958.5945945992585
2.982021747179007,385.29585338758443
2.987059185158224,113.63485240110776
3.305503603410103,-917.5079856215419
7.152446544724778,-610.3060483115754
14.75598330018595,-894.8841493160581
2.9456433245622953,416.02576258487784
2.982816829060389,-99.71047307573224
8.69972321775421,-774.9506962037559
2.9959370695558314,512.0550910894423
2.9973127202153766,426.59471254758404
2.994848182963201,139.1133465255275
2.981782902955527,-89.44941542738184
2.991531347119898,405.63047606684466
2.9855283328690323,453.0706243920754
2.964924271289962,397.821770132195
2.972476501787697,298.605015935079
2.9725904663772895,500.4381576663734
2.9694690350999378,149.0924647609309
2.991971419323181,54.66743154164419
2.9949729336678077,-124.3476321027207
2.9638367277869717,174.98883007077973
2.960848975947552,337.3207699314785
2.966763440098961,120.29843124878698
2.9906070052836093,334.3943530704244
2.9773047486922124,274.3919989840959
2.9990373101339434,157.51823021084624
2.972202381179871,352.6701435407192
2.956061237183587,311.4455859951594
2.9919598540451506,23.50585149074078
2.9844347329145657,193.6145518422461
9.328101329479148,-840.4838822036224
2.9684372560915784,333.8595857151322
12.468221750196198,-755.1703884396727
2.9633120714445513,82.40826468696844
2.9570226664607078,528.6122003889978
2.997507104880333,261.0875278418233
2.9970628708395095,-239.67012225150575
5.4499712514370495,-989.7224267090135
2.975685897692495,606.0671739072145
17.372722318679468,-1049.9782052443284
2.985468200367578,-317.32397102222
2.9665904414284228,-234.68764191643982
2.966704137070107,569.5399960141968
12.478330936144394,-689.0403674234078
2.9680411313656325,263.70223977084885
2.956313100161917,126.34837382935899
2.9732153603732248,-283.4899813546082
2.9754392045659057,414.2749667469617
2.9995116721415362,474.3294817284276
15.458929290686909,-1069.4535760881358
2.9708003027440095,551.7663784113065
2.9942669772314834,-229.47094673571655
14.722469635187258,-1635.6324403002498
2.9965195427941085,481.7397071289481
6.710435626547739,-739.5623037324624
2.9881129113007123,-121.90922479025505
2.941122094226844,108.40439799852987
2.9975525509935084,284.3698237682145
2.9564692824486367,291.0134020189182
2.987364424922912,565.1234721615574
2.9845989157608384,337.3917904331653
2.9956713987572856,-93.17314424067888
2.974746358738673,433.24990412729403
9.500436393845273,-763.8017068531469
12.963015840357428,-1145.675747309233
9.03593876096687,-865.1428813288865
2.987061186145382,245.32656162456806
4.859571023343696,-749.7540262264374
2.978935359127213,413.46048554579323
2.990256196426921,411.0932779363738
2.9945929341244084,329.38711710953896
2.963374156961529,-217.1117089435537
10.243443970012217,-935.6139833096953
2.9710828230553075,143.18470772005247
2.988878002619974,-150.87507858146114
2.9934530296437383,441.3871407355176
2.996760171429544,-186.72138563023668
13.804434440454283,-842.7743108526354
2.9573770758609577,-71.44701706570675
2.9478329335335487,337.3293154154535
2.981721997390287,232.43216098824803
2.9981560730097834,-91.14267197634683
15.739538205025024,-1123.8443750956067
15.168816734513618,-745.0460279739167
7.907626162525266,-962.6059478658462
2.982480635278338,26.705277882374048
2.959927202557189,414.8106488353329
12.912604262088436,-3805.941821481472
2.974861167591733,336.3653717102431
2.988281677327907,-460.7931935205693
2.9906557904070303,501.0148654078741
15.570274819389443,-1079.1052402116254
7.695525888322911,-1151.5752256881992
15.484957099738326,-1289.6249121487115
2.989600240171752,32.634334355123315
2.969617692070476,482.13479306498795
2.9484010272379897,243.92437805638303
7.173452442854737,-1101.3332275086236
2.9848053359631415,-98.53683007105451
2.968088634960264,534.3715289065832
6.407386766429323,-774.2942508291659
2.999392867595636,-164.575247523568
2.9999048221717386,457.31070266226556
2.9975903002211397,-349.32482744730567
2.969239226498504,421.70454749710893
7.29907645380602,-856.335884117444
2.971185335915879,244.66694702038768
2.9790538389936536,481.68840464428223
13.551871922001904,-803.4716662290238
2.9311893463847505,462.27978778700856
2.983785080809636,-279.47999341803063
2.9498738018160666,-785.8807230113443
2.9537353637238075,31.884742875224504
2.985584452017016,248.0461218091963
2.9641996215224604,333.2509302348496
2.951946685585993,316.2474646321268
7.922648190065443,-1017.4302572814279
2.9845511071047763,265.4742890955811
2.975803071473579,-83.24510045615818
2.9906341216452357,540.0237883534687
2.9873861224180853,459.5006777723347
3.403428649080766,-921.8850118144957
2.9859849144904014,-332.51581650037656
2.9945692026897364,50.41047815066577
2.9904680119841527,-302.5558417374576
2.9282318303874932,481.73011976774484
2.9392359252573055,-304.57742407971057
14.905815413786932,-901.3616167808248
2.9897251292469633,502.4098664995092
2.9943231250239424,-55.00008908969426
7.691125357498004,-530.0443756084694
8.484503796179863,-922.6688253320056
2.9970156799576024,145.44737116070172
2.9642377934449673,280.49796950043833
2.967075245686915,496.57343899553945
9.653907146694598,-810.7258714012477
2.9982258773711443,169.171395267687
2.949357518040557,493.66116531274986
2.960433227653553,320.5166492838232
2.976078406681964,406.20122862076494
2.9792488719325174,68.27545234967664
2.9936203161959027,20.1215216369676
2.938729832094624,342.073797469129
2.9575464553912223,617.9762139825195
2.982922669499753,515.9894409522168
2.999137822912503,-53.774225217570574
12.093004987653996,-1158.6441677300627
2.999703091075767,397.2031758411476
6.709208952778598,-1903.6381119915218
2.9795824258587493,-67.46035184152606
2.9581648931711597,323.65355267161624
2.995905680916839,5.676982641981965
2.9688423453212818,565.1489414490472
2.9816096264425616,366.25452407638613
2.9843644528323647,235.01411352528822
2.976332759233456,538.9260858294925
2.9988066307504244,285.579412984848
10.206435703734323,-964.8069861912834
2.9900417572557862,460.075508592615
2.989851640922962,394.0626960616549
4.014161528727565,-1225.7018178826872
2.990789739323056,-81.17434937608289
2.982237384161037,-80.42709084482783
2.991124837436058,-81.39921474355538
2.9480613535096984,507.73679755732485
2.9942976657960845,410.8776357450122
16.090333923535425,-795.1705549821493
2.948491612112325,335.1945569063684
9.357892064167784,-802.8991922799272
15.788004241553287,-916.0266815820249
2.9729910152759933,403.75629311778584
2.988760948278734,333.46297143686246
2.9931984624153802,-216.96109397049668
11.567310113848214,-1055.9366211676363
2.9765891359234415,397.5159075771662
2.9852542188072615,-670.7024291388504
2.9283165840588232,522.3507358123311
2.9956540171152906,431.7653787953776
13.06435934983177,-763.5071165231228
2.993530435579623,-153.74545385559384
2.976366910810592,388.34506396861025
2.933281496565336,541.6898973723576
2.9834925111991075,-19.899129546472636
2.969749390608652,345.1563012374664
2.923180431522612,350.18780234238096
2.976658595730053,382.5515147081205
3.094307654157746,-459.31260141754797
14.828377083205838,-860.7893278838721
2.979125107404517,334.56205758357873
2.988690748704002,504.2915728414852
2.971348950113979,448.74349789254114
10.602413997022268,-802.6283362719312
2.936490350324306,392.85723261555836
2.994630319657252,34.61555351731863
2.9872752756840724,266.05999291020294
3.904855380400663,-1010.5074992752877
13.23838693141241,-680.3368347624578
2.9844123140830425,531.800146339411
7.6073360084493205,-948.3474300350039
2.987509247665695,547.423044099701
10.950958477161526,-1077.0391005946094
2.997195682269147,317.13755559419326
2.9964736819743347,-194.53378349525713
2.9901670437822543,-36.27631561862859
2.9680628058401943,173.0974450283652
2.964096821317587,283.79393849219457
2.9973262575691466,432.96553036147515
16.673718561940845,-724.7035860128382
2.9891908598119956,319.0025966429773
2.985424514327729,-17.438893847829604
5.955779252605792,-597.8633132752161
2.9943374431612333,266.86135630298014
2.978587293908056,565.6076511012261
2.9986573088835344,193.18004081973083
2.982595235871578,387.46864362408155
2.9851154274335907,517.8525244201824
2.9774699228482184,373.74135570799746
2.992544083514505,438.5269623495734
2.93540379329455,503.3521839087027
2.9869629847982977,239.67311597054294
7.5628795948391225,-694.8109889848736
3.596574107531922,-469.456776612574
2.9496201998011555,496.94149250573827
2.989120591130358,442.3649197439579
2.9919596921030065,419.39797045735946
2.948992732200272,514.2157558882137
15.322083649946233,-1190.2087293793252
2.9889617532346553,470.75641173200944
2.992704022996346,-138.53338828330504
2.978382646155853,365.18430503873367
2.9972573959288824,288.69990104519036
2.992146809291487,473.09912092798413
2.9840887515074797,272.56927080729304
2.9848185841383352,266.38580437428516
2.9715663433246235,372.6221533486605
2.992616183130281,513.4414725270781
2.979059600274837,421.8133219612106
2.951579748159108,303.4890132541287
6.26027635559822,-978.610026791536
2.9899092211808185,573.355551388496
2.99462137822248,464.1712951976958
2.9806922764620314,558.4565171968691
2.9997706572547123,415.150626237873
12.952139624388854,-877.7951878750825
2.992719376395007,278.7712067339678
9.08909203505507,-637.9645194967405
14.929911071367417,-781.9938802030238
2.9867400278953813,339.8669732656355
2.959426806252192,228.958143371475
1.708791491963153,500.0
2.9935243311210766,354.05402410976717
2.9909440621464047,423.4819545884885
8.235567640116848,-1077.4406114737972
2.9764893340684164,398.3492520588587
2.9845922889625043,475.0522224185266
2.9599559084578497,93.66663952240276
2.9630064318965057,172.94118649884877
2.991161889071195,479.14390170349617
2.957734787062201,530.106004655521
2.989917354532491,499.9479080997263
2.9530583229827854,-551.1992289987854
2.9972201937576033,453.8134333986659
2.994327366657385,-41.748134179284534
12.218938888869559,-879.8219573081197
8.175070380111922,-794.140030241464
2.9715203435183586,-150.4740197454937
2.9480498804055966,287.73247361446204
2.94744527047776,333.4797270760761
14.57760129057065,-971.7461056709203
2.9808227405029393,-34.60418145573533
2.9890763336454853,458.8579166620281
13.021603206776602,-1002.4856515629431
2.937395975681936,465.3928119231897
2.983410285930915,353.5077714291791
2.9894642440728845,408.71093069425683
11.892993938600327,-862.7275202500687
2.994757575125751,256.86994044844255
2.9735064472465393,466.64488078685184
14.770882198353307,-710.5140445748572
4.336429440507753,-984.2917570139163
2.9864686610912585,-12.946001411232828
2.9843504168506,407.8920832121294
2.9989432302683747,151.77796452509375
2.9930550285032465,-272.8337202107989
2.9971378858284727,436.2080480562716
5.546095647200939,-802.073101889148
2.9736116123231233,312.47682335553975
2.9542354605690093,76.50347065372125
2.97887938809091,501.8716068101132
2.9811888598176575,477.506300259688
9.251700374399592,-1019.1138948842787
2.969209183740577,495.92362887096465
12.453137426606148,-615.7017162875529
2.9990761991017045,-118.29484498307886
15.516578786554811,-859.5344646254214
2.991321550285703,-968.6094759386692
2.985227534063353,416.50412286724884
2.9979891038803803,549.2300304648242
2.980303660285906,179.44009778444484
2.985934822552721,273.3957281646425
2.98065544962834,367.4554981909929
6.299092736749172,-703.506195011403
2.94904571957975,451.1171847304077
5.510068103043694,-921.518735971389
2.946319644353431,400.31740043922935
17.1235916374052,-1053.7568927491777
9.967498245904105,-625.5821060083426
2.977685894669056,416.01666601724537
2.9969750908784087,125.01704254785307
2.9919557053578694,370.94673352853295
2.9889855162237207,512.91760986272
2.977414798190151,107.09448406109124
2.9944636211971356,33.07513596115365
2.968168288828575,303.96788532701663
2.964150767053538,528.1190791301764
2.956895625623904,216.9126736160228
8.936008196568354,-923.5520831290673
3.515577773881921,-896.6864939576536
6.7241238946198205,-894.5917965638774
8.67127982352602,-959.5965694157245
2.9829581532338647,203.15790103598516
2.9847292315717526,44.78318698271573
2.978447348304281,124.2914017885609
2.991118877092196,365.460942644635
2.9763950277174924,254.40135083730874
2.989187943065595,-393.53706723355447
2.941430195424497,568.1604739522136
2.965139314801159,388.30939089834874
13.302598744250533,-671.4843796217332
2.972631416471596,-497.7150177882711
15.709654314209837,-885.4720939093647
2.9880191158508533,278.7083902799139
2.9892403921745467,160.19067642285796
2.9530703524026314,9.855582046757661
2.989357862082891,485.8214230374862
5.534208770189478,-830.0266494313959
2.9808305830006403,160.08997058824264
2.969257781795506,7.097116571975107
14.330368345109173,-1086.1135546679322
2.963101964572649,193.44219118917476
2.9916595423352073,142.7062193198213
2.9867795895981364,495.94744363101756
2.9764017232027795,556.5245806766605
2.9643847661314124,411.97715501346556
2.98367990218643,-114.39390937901078
2.986683084558678,346.4336549823036
2.991873991393719,385.99216000296724
2.9885594881590336,465.97896638282936
2.9926762551525004,-1.7277016768497333
15.337798330092925,-729.7714000626257
2.981850241617448,177.9122876622165
2.9460055202505755,520.9615190159018
2.9801769714139748,473.7255517308997
9.503387236230472,-509.79732588976606
2.966562489048687,377.7555485350798
2.9644564717153927,404.3056835412327
2.9952244044235505,365.9603867038099
2.9812851103523927,348.9510959806173
2.973713589021252,453.54503291877813
2.995343829320465,473.43344994322814
2.985940935454928,-383.92206125318137
9.634844737631592,-823.9609970867184
12.673670107329208,-675.5890564151426
2.9620698827140544,498.6069093747582
2.9758625078397327,525.3771972244534
2.967800222853952,-36.39333533146771
4.419950949627035,-629.3148301490108
2.9810897998726573,513.8338891520492
2.9909465425387314,530.7907007844034
12.152777222975443,-662.8423698557409
2.9591515883126696,415.48669622597254
5.261656668221703,-1036.7133954689923
2.963170127431956,168.28369631565346
2.999587663041172,433.7223851649784
2.93846433952013,152.67147869759646
2.972922727175869,-68.42369572276618
2.964106440875728,-106.49595230660668
2.961978687916475,523.3264466145182
2.969688730028211,99.1806097645308
2.984479436477241,431.434719167791
2.97727796061495,452.06924150257623
2.9856842003341284,342.078861451864
2.9724828147196245,552.7381932361833
2.96460878665438,477.37791264185813
16.973599259208026,-1052.9852975010688
7.435693802007426,-741.5093878226492
2.9952697721775046,300.01988824167074
2.9778182799274524,334.94957018177297
2.98402531568161,208.0886341489612
2.9731235448815343,70.41502574365444
2.9993719989272223,502.2444721436978
2.9548608820785494,476.24326256726147
2.9832694973603227,275.5457742340452
2.9787959321950988,418.0356364431167
2.979596599413989,309.9500142307354
2.967417535557083,443.1299579451021
2.9687734595235398,479.8554631984724
2.9522343180461212,212.22807247475083
2.983350735262421,281.8349348039152
16.82832761828127,-1103.0314130618972
4.735170704452721,-818.7968358857291
2.9827986673617866,-214.9154120814676
2.982575861584024,-33.95888105446579
2.956262525481694,478.4946838224725
6.247518261102,-735.1977429867151
5.22035943791817,-522.3739785756027
2.984341307100042,447.6272423224446
7.725268892706552,-835.6752907670835
2.9988655052567355,173.74813137710242
15.067667756221724,-955.9615281201787
8.882078205093796,-617.0810788659015
2.960781696208806,484.88540258615313
2.9998981578802426,398.58764045695114
2.981009347358427,255.15716295217123
2.9951401495107426,537.3113125179239
2.987146316678726,365.1773672000742
2.9329536875396722,511.50900250718263
8.790210056646055,-661.6646349313703
2.9728866258303883,387.1341547037632
11.83045088087509,-1150.1359821831618
2.9907880953499215,280.16330099312495
10.064769797507276,-1125.1057374850013
13.133080266433062,-716.7477128689573
2.982895958811837,256.08557573092173
2.9952513616056913,345.4462906255594
2.9731833920854807,500.5161458037505
2.9684434253815746,291.49975667066076
7.971640577367296,-858.592144637909
2.9551372836036665,241.03452238681643
15.405827247755674,-970.2934340812049
2.9749614488191196,380.7864656940388
2.9710867000967887,-30.154857939847943
2.998777146349097,266.69452646638234
2.9873495227402356,179.87236496844986
4.304392975000518,-382.9585792727902
2.983473213233421,455.6758993943329
2.97415262571705,202.41549809575287
2.998223497390473,89.0277807470481
2.99802874753213,230.9046169559045
10.134021859785847,-725.569957373446
2.9631502554235083,452.56877384016656
2.9702345045839906,494.29629518670004
2.957794366287994,248.60038046618297
5.944868272382707,-694.1649265257465
4.76816262245031,-698.2933908306738
8.807529050045598,-960.1376641015822
2.9999458426926924,62.261059761347155
3.4941179738759693,-729.3507110025904
2.992081827903309,505.1856436292241
2.9672242904180495,456.6998461242182
3.0352746766298835,-822.4378557981122
2.9762132479655303,485.5552327356717
2.949661335777391,304.50193708660686
2.9699955511705927,71.31277154259715
2.972779895671438,497.626249101826
8.639011325870108,-1003.7383201476675
2.9726106987748286,488.18678814152804
15.920451286447713,-1050.5509852819966
2.9930372317796547,374.850610555745
2.994115608891129,278.09339916496197
2.957947176887214,-180.15126666817252
2.9332933941359505,163.8858379611342
2.9996974801383294,208.25298919995168
11.11112748449279,-679.7128411296138
2.9955789278098406,449.643227834566
13.789605215536652,-1205.5725359283715
2.992689404513195,552.5701243227481
2.9666881279204023,474.6448176750842
2.9767407970677575,59.27141400563272
2.9980594656515835,203.63522990077507
2.9574149137386136,512.3312254278613
2.99893564802062,511.5406823090809
2.9641576801015717,471.3301489701165
11.845319217121443,-1037.2642083704643
2.9825281357438698,133.42270690109422
2.9593959920033317,475.11177247062085
3.546241928364417,-645.1026782987823
7.918925257986833,-1015.3090716489108
2.9226698320746505,555.2068620394218
2.990391573221978,487.2950924941453
2.996687829598172,421.0711152042329
2.966441568727597,516.4236702264121
2.9867881075639313,-343.6550188099818
2.9646658455138275,548.0504120510859
2.9909414656260602,81.7556380954178
2.987639749628051,544.2179955568251
2.9945543698513406,-152.9060891766278
2.9874234244248514,321.1297470099621
2.9951723515035087,-158.32280511687054
2.957058250355216,255.18452827977725
2.971013533360307,282.0156959978948
10.499844468482472,-992.8297305743844
2.9861465759563304,498.73598273232915
12.97398202450256,-758.9683628603163
13.297709877481353,-1124.588592492834
2.981884966474928,338.1741123088974
6.4524258625672735,-694.7246227661951
14.91008090675091,-613.7967730163646
2.962424411198206,673.0744211886921
2.988693071346823,581.7260009233698
2.974293871744312,342.5695190884858
5.460783851804818,-532.3274499901831
13.523597148829484,-1028.4115756369247
2.9837066534036145,459.8819722472525
3.9009092246889776,-777.3326932453101
8.878207339480111,-1045.7252493529506
2.9685152621365063,534.0966011937835
2.994581114215174,-67.61450957154102
2.9810879867959423,-82.58965692933964
2.9643049170485933,429.21544562543556
2.9872903540212175,102.74336199295823
2.964255246476812,112.45934579186292
14.054915376689305,-711.0064899931899
2.9896380911845974,-323.1531598494944
2.9891041622207974,483.7594562668167
5.293945597891175,-761.8816344285925
2.9900328186673923,540.4065640946473
2.989740880301786,133.6592223279984
2.9791113275487753,437.4434510988017
2.9152248222653956,348.0981200412793
2.9930971902873207,394.8900973376912
2.9714649961598534,516.128564123226
2.9800963875373827,422.59818257798486
2.98019699144636,240.3598588446369
2.994568968069879,108.56411771759849
9.88007578497444,-922.3166430427336
2.9958147415995597,158.2756035528855
2.962599595371427,416.93705201062943
2.9940451229003924,243.18220699027307
2.972269488049442,472.24234768696937
2.9713428973262146,502.4419379487447
2.9841647943804306,233.6582938067546
2.971860309594903,579.5921621609317
2.9417622816346864,-382.612028936151
2.9625150021035656,545.630411394841
2.9603978707954584,516.2696118336146
2.9837275903916787,375.75601077625856
2.978269638853892,136.13260172495808
9.52538258368712,-874.2732993712079
2.994963413822148,233.74930369120415
2.989417583378002,526.4348061354152
7.40070196966915,-949.854670754498
2.9847766761646,526.7827926619364
6.737312411819854,-481.12246614855474
15.652183235532847,-1308.4411787981096
2.9867995916863714,-244.87828658128012
9.227793262260843,-889.0339026120806
2.96446679747792,510.0557407351777
15.940967555069797,-1113.3860154072747
2.949000996749459,388.850190964757
7.935606065508391,-1188.91904169042
2.9598804919136263,-390.7140428425149
11.85999715356766,-921.6281588523324
2.9807805543848684,360.76293260175817
15.960597888416748,-913.6277953112128
2.979528305793912,399.557376901801
14.530088137636925,-1044.1270983877248
2.988472296270325,464.7445192204674
2.9271805839205207,306.95209582433756
2.9836123339707172,-22.209613234546055
5.183875405160219,-1011.2394125099374
2.9796065808551804,340.1862732460404
2.98889357886228,397.1050940714251
16.918251671109637,-852.8230984706714
2.990209092635529,583.6133332641359
2.9431825423139353,449.0766178208096
2.978997166837506,-96.85440170386289
2.9941765494338695,-479.05121834128454
2.989977381361839,425.98347937295665
6.977599007065869,-937.9375552013554
2.9347849730337074,459.900584346547
12.927953022305076,-945.4692955319351
2.9895391019004784,317.78401678089557
2.9898892781555344,386.4853656703256
2.9904631613634964,420.4329523380615
2.974006650961017,-18.9590272018188
2.9948046279792493,-44.89743284056635
2.9555042313653828,379.6770796801056
16.636111206265348,-1263.383082470529
2.972221037892784,278.6069502061084
10.909539132055505,-906.6197904797979
2.9673250077735798,-330.9863887175759
14.696731963575228,-1162.8769743769046
8.071662337763552,-912.6256123092788
2.993245009249484,79.9286791338389
2.99756032574745,265.6447169595309
2.9979839996288007,-106.83855735789643
2.9591826809939694,437.268767344885
2.964681702071517,435.9725688952466
2.945842442777967,314.95120048500985
2.975634711611256,516.6440723197944
2.962556276175644,529.4772741880774
2.9880373123729953,393.7252161892531
14.147190498955856,-803.479045050879
2.9567193660578575,554.3161387386031
15.884936375668715,-1098.1774061130325
2.98919071552451,442.7869239397858
2.9978064956241184,474.7187230185679
2.9725193965988437,-10.79680036921826
2.9997403162681033,80.05541635279917
2.9717547683957193,509.43777587910085
8.679280137243149,-842.7918288111127
2.9732578635971794,521.58331936001
9.129147355345467,-925.4825252807676
2.995035841639619,509.24321048227245
8.259114439421209,-1044.5666774726014
2.9763499969669422,560.9522742684098
2.95251719888286,454.39829734437694
