43.18292500746854,-6730.167397586972
18.47377465908727,3782.8346213804402
21.222753930620993,4624.165489127195
39.98577887154842,-5246.611129256308
33.20030036780232,-4186.74409766721
9.486422813577807,17491.672506136736
21.714353850332113,4461.998988739498
22.776611426174984,4787.377537351596
15.27352887803518,9788.625246180221
9.074865110226716,2573.9446880270207
41.18546656910869,-943.4378308004428
24.872986258029357,7567.032039862814
11.607235119343695,11486.888567622731
51.754535051213345,-3789.535978601004
15.699508067950925,13532.118412260996
13.395753449166667,13074.799580460285
25.001340127148612,2265.4419065230804
28.78998527843005,6414.182092457245
26.977807728455904,-2202.1096641657996
16.97964010148522,7970.986178089601
12.563460331095087,9186.821775216069
12.555445646906435,-6327.445953885044
10.054441976852676,15091.603959653747
8.754568118458689,8623.808580105713
59.25550574654462,-7210.0
45.64391145083037,-7525.54497839617
29.969752860109683,3592.857578433163
15.16152809220067,8394.579459370638
13.478178642823341,7977.397254686082
14.419014940956702,6606.302506029408
12.588193306266481,11370.7031025087
6.424072363105967,18469.909893394168
32.46089751433543,-1862.4278705109189
16.7662239776804,3563.018550610239
23.192566190714697,4972.0923698050365
36.959133521451,-5965.381727432934
20.63462845055428,2087.5338070023245
29.340496163722687,6341.938495808339
2.996711436308162,15941.859244083245
8.447083824860124,19677.218451975696
20.295037739635145,5171.189570250495
16.011149022137406,11283.173764072586
39.30818396662371,-4809.815228559574
9.591183450975931,13015.519419447131
22.283483196237597,7772.327939207239
9.505583053887232,17815.84724339399
9.018469649491873,9765.44242627858
19.504355263562868,10124.446995106153
10.121991672151898,13319.787143512216
25.694897611933143,-530.6766434451783
14.453243793588035,12355.05767162974
8.633809631189377,17329.38117903156
23.76996271512293,1592.9465628846838
43.67519299334171,-2745.835087871773
8.517309708934281,7209.58750045614
9.62101334802172,11082.477777015281
2.997685470486731,14400.35109748014
22.43794998128699,8973.248956406476
3.5276673653350694,25284.682444066995
30.689740728940215,-2682.8915480716314
9.743982727363957,12123.820372632932
69.7541763923558,-9380.0
40.3590685418736,-6023.389154658191
13.541165476521,13010.371624319185
5.56006309238059,13920.311977202922
21.264050868360858,5924.807243515179
25.3804326506287,6224.092078402563
21.506538816598656,8318.231056986091
21.079409582424866,9135.278967988286
20.002233595748464,1247.4256335335892
37.07369950926681,-9954.487221051912
2.977193594647577,1872.0987516167925
12.682092593086288,5335.60689596988
35.876156530947064,-2926.350030831294
12.058859174585148,12197.883607696001
6.425390581233707,17917.781869808783
8.014299120444534,12938.597834995926
35.861315464955766,-8365.293813846369
10.852339843104696,14369.146645811712
14.329054666332675,12378.78205386449
4.233497216276714,20223.95100048624
12.471257086223021,12636.415517710306
13.338739075006073,9367.550421424732
19.002270638529353,8677.371286623467
9.42235532189839,9487.980704061749
47.58980275685605,-6154.361683035652
34.23726277011928,-9219.65929600579
11.412740877809354,6785.345100209972
14.060313202724558,13452.806581573886
22.18343953958944,8634.346526833499
12.625805757952888,13631.93304380743
2.988714323858516,11012.763234704591
17.804203004088816,7705.750708235413
28.38962581458203,2388.222655961559
2.9879352028522153,5467.960935687657
22.093263675143486,3983.33966697796
19.31077601972882,9893.57931679343
17.569406808282466,10782.318092221401
16.896410880117458,11193.202409456271
2.986838604776714,15451.524527704874
6.8479493384707695,16651.712174055076
18.608091225386822,9897.28825481911
5.951685363308835,19896.655441821258
19.471821672044374,-156.83038988292518
4.695089626841832,15473.776499402351
42.02395762912873,-5767.2733745236765
11.618198093795698,13133.554397644137
22.385392817214612,7928.557195943138
10.443612050832373,14939.08402582164
17.300558807483828,7494.680332311739
6.456763113570472,20349.885168738823
14.890481264260206,7318.876180011008
12.102207549860715,8053.474734817179
7.82818554490285,17854.309487012342
17.70406826912754,10315.141569378906
2.9970505144693163,15266.875939649552
10.836336426908556,15598.652571145447
15.499143044713778,7505.791839811538
47.5506123688296,-5680.880367160253
2.9913277771851288,16630.920137989073
7.550408281133507,13668.944898587728
6.048570973509435,15018.090348168775
6.486105399779714,17798.362466747538
6.440769815467107,12485.34519847451
19.79746313796917,2730.0277091456855
8.441211062283841,7793.452272701319
18.32728263631367,10200.69759144577
2.9860690996729216,15243.71454130896
4.817748049711108,19934.690104854042
27.430758304723017,-4847.742067526476
11.757341381285217,5037.81814395849
2.9771932511196115,14827.397588277287
17.911713497798363,3333.493779459833
17.279828061948823,9412.050289416704
2.967985707363557,17421.64926344553
2.9948217606675644,21181.08958937245
3.4773802652553973,21671.812929900752
12.87484125036423,5994.942724189301
18.10428715126504,4067.9205097154854
20.602427124331673,8951.834100952303
6.021048718584914,11844.114996891054
5.123921621083514,18114.02400725276
9.243992188552145,10633.570605329205
3.4864648155824773,15479.328090026735
22.19066725294583,7082.923304887395
33.386803509041144,-830.9314097109699
3.847987992486731,18276.39106854196
9.046290902871556,10460.48823864223
2.988468525926554,8822.2743366695
17.719216301656406,5150.185812186101
3.487882304858193,17963.711273625693
5.736464298842815,20326.809452524256
22.175090319755714,8134.518577250153
27.134527276990106,2145.0336517358137
12.969800190823774,13693.883978760836
29.060235830200334,-2674.3523900060995
4.35978588210196,17833.07093203858
22.05452571439375,7224.301715401523
22.983183573362183,7124.128310249645
6.590283879610543,13063.380056724332
4.49233723798865,16506.44270636746
33.749752668427746,4383.301330576011
2.9964152174725176,8832.533351963477
2.982235524167949,12115.788815316933
5.266567839218305,19317.642587742524
2.970538370380775,14612.720817636406
2.9886747341101403,12675.801985570264
26.22038776543881,5143.541544524241
17.164792889873084,9458.295137375477
3.9554179746401523,22229.32562312558
13.093339752486436,10441.636323324707
8.174950179770503,17228.23675834597
32.49606882339038,3078.467434011321
9.026845529278495,17366.317372233098
4.544559682156368,18208.20941147886
4.421855262815954,15615.965156034159
10.121571848610785,17225.79940310109
3.7363846800716165,19788.437545831475
2.993667218931545,15654.721173709475
14.842704299511595,10927.290487587448
6.844352868431904,12155.60650718324
2.998001520558999,16637.30856575988
4.615786401656248,11522.524333095535
15.466331092344566,9567.039292931815
2.9918468402479292,19263.001976950887
13.434527873131408,9466.747345963471
10.409893426865327,14223.287033941015
5.318764588017794,16764.22037731141
20.855765162767348,6900.208145560091
2.998779017997932,19695.178342196446
4.332726683548564,18271.271222829728
2.983920411748225,20158.87817415269
17.12775342256221,8958.201360806826
14.959682701209097,10835.340898796885
5.721596066986997,21565.48359113819
22.19390247905541,7824.617821793629
2.995332768914763,16528.671669971314
2.993611124702937,16542.0516780802
2.99970749446742,11993.023757110625
14.2207633612536,11595.265581273861
2.978156872621446,11168.033020610776
5.531339697642125,16142.045923974236
22.23773813828939,2627.428100712761
14.120594579881633,11655.78913650747
2.997644068219668,18504.848317664037
6.778016185523998,17682.75564669717
26.61220853209,423.8189570692527
10.75779907446541,11145.826059660998
2.994714137782885,12331.265923974552
2.9931027159451506,12766.629494678222
3.786964667223531,21655.469572638507
17.54237756412522,8437.1230782098
16.74924510636842,10858.07049488716
2.992104768467601,8319.512935907367
18.06511761402761,9724.425619286181
15.530281570270978,9043.16354772998
11.657484816353103,13305.842247897597
6.030235535557406,18643.23071952551
13.306856180962969,14406.213343057088
2.999600372308686,16044.411221594282
2.998909312825364,20074.930459595704
2.9744276488559294,12203.405661379202
23.049796443003917,-534.930135842621
7.868035847748878,15721.857358530198
2.996673755128631,8099.98263107668
13.629222430712787,12945.324012485204
3.2939489723787663,23002.742640737284
2.9971764455343908,19183.45388158055
3.5649976751725316,21633.027456569474
10.873718042463508,13155.219482645674
2.993300528555444,13946.915095327346
3.0722557923095994,19939.81953043928
8.644144587068332,16958.547156830107
18.590504401086704,5206.928419025389
3.5934045007284694,19439.3798168294
21.887144081225564,1409.6050271291094
2.987414142400417,20155.535554926675
2.999002437020806,18137.625036526966
2.9970810386443922,7713.269078217427
3.835318175059275,17647.718178232728
9.949818397567292,16265.281114075942
34.075539575276125,191.2229231941724
6.676532053284384,13960.210833681984
2.9774844381514267,20207.352894484036
2.9973039771487526,11945.216990616213
5.869695695471527,17557.412169333966
13.399943650802038,10865.353656312462
2.994028443944355,19233.347488458796
3.8152610903900466,17507.389459409154
5.42507821985914,18306.3404123822
9.333955873202479,14076.869029765307
25.94382177712447,-1414.6677606894966
2.9879554231779712,8642.700691134778
10.317770241975811,13072.240413725589
2.9941669383975675,15733.263059805999
2.99458029453995,16390.408204372015
5.783509875925256,16827.41910023202
2.9855066517704416,13223.658126301787
13.820737230218954,11625.872205492004
2.9961080108641793,14784.90349756752
2.984685085245083,15592.405666985558
2.9771150499678765,11027.266855559137
3.2283837589871185,20787.901524463858
2.9951705391097545,15152.878012649953
2.981564093581633,15797.447472543365
2.999383628322339,13915.118163506004
2.997181860098666,19293.815076703337
4.563090222808664,19621.941137623046
2.9719438579589514,19804.880300367207
15.756551696072268,2597.7050504157787
6.311196329883645,18603.880717512176
6.640914761451658,16434.67178025705
27.765076233991675,5299.662891343632
13.908480337562452,12143.0427220514
13.608461184188336,10493.472067625567
5.084442567541546,20775.174521723133
17.89500981868799,10733.063373843652
13.958530328924573,12158.983422936097
6.8255330563977425,18583.947517461675
13.886310578168626,11850.374325749568
32.42541995095433,3520.006714427106
2.9971790545758856,17524.097997557754
3.859122998151351,16665.94970575891
2.993203145776513,12830.129386859158
22.820643787040552,4870.093813702686
12.570366606242448,12702.649241250721
2.995223551108892,18559.09323574358
14.146490589095958,11598.652413430975
2.9931993202113234,17974.991813880446
9.450955157956884,15260.237781755945
2.9942555070388144,15618.159007248156
2.998385249251478,11871.690830680116
2.9908843693561016,18947.309925150752
2.9920425024201824,16650.518675863284
2.989206988503308,15621.577598197147
11.611666382016706,13336.643663894325
2.988010764626423,13907.381875077408
26.943046336383258,6442.203116493212
2.9995274463263986,9718.658654476665
7.192322573484244,15773.965759119863
6.684966264689964,15099.144438822512
2.993475475091596,24118.504720065615
2.998778196442401,8799.592605371032
2.997877898474468,21919.331128138998
3.5453946120474713,18193.533474190383
6.741448847908233,16246.919877965149
33.848740663529995,-1143.3506366479292
16.21226109011642,11069.884706186062
9.853678826543991,15783.368382161292
3.397080000756412,15869.669812676044
3.5531324144766514,18160.00238344709
4.680158688002547,18793.11150560092
2.99483794800262,18812.632572501858
2.9981561227698323,10837.749581372233
2.9879126370693645,13411.18365448643
23.39845707123753,8404.43580704063
2.985013566810196,10716.796892288754
11.351852196542795,11784.572874196196
2.9883636338376998,17305.098235896763
9.83572178571067,10165.468922120957
7.761886672475329,16710.460358459444
10.552537437285663,13930.079117940586
4.444402266804003,21333.970135321037
2.9768944345689206,19385.477883088734
2.9995684396153743,21613.80341811979
2.999289890509272,15434.200996324027
2.9992665120620363,14661.455788401912
2.9927148872970557,16206.901400263883
2.9879596375391606,17602.03999248357
10.411069182396794,15371.394989747094
2.9982649562731782,15834.266519164948
8.01414745393005,17425.30192760452
2.9884306231339113,15301.307963783562
2.993512527980721,15131.64547847755
19.65035142727324,8846.424240785429
7.142262677779556,16623.09817660356
2.9779940952586963,17006.568711665306
14.247901553149834,8847.081079913813
15.49795901548875,12189.415777496515
3.165252400294917,19496.92067456029
14.500272692839665,10654.719694449816
5.223424794886211,19073.307384544507
10.26578857507486,13541.755723487351
2.97839696447188,9786.587733212526
5.561388879823622,17869.133245452693
3.317490661693696,19754.565208887434
21.678164647127883,5092.25636187766
2.9964917530410444,12411.234312746881
6.707596455893844,18080.691330108795
8.793251384949098,15295.25312235835
3.5222725260084466,17634.28805946428
17.82707364915772,9309.054697864802
15.885734655448747,10672.712529620747
7.893368606563584,18093.00978562192
2.999016226867281,21247.275409316804
2.9996989295433867,6373.795890571632
8.147006892789497,15959.724704798467
14.49737842393941,11363.82442359893
2.982486787671535,4104.412615254193
2.997445998232358,14705.634987301559
2.9983853166275236,19648.17013432922
11.69110201961428,12870.16509292798
11.946038250108247,13398.941652037985
17.591147740838853,8714.605371991809
15.449095053102809,10643.17257423673
2.990857755435382,21121.6973905261
21.184335829199906,9057.102096384238
7.7905464582150445,16709.192210822977
23.938103844997887,-1424.1968485792008
2.9992048753745357,7409.047064696327
21.731209337853635,9275.133266772074
2.9878365934167497,19426.659055716354
2.995654412012398,12982.383835899347
2.9959194361072625,14479.553190568726
14.14259430238324,7281.467186939598
10.110261933677426,14464.293327940755
9.76612185613283,18426.269851857618
12.325984584645324,12347.791081737449
22.656816259368345,516.9887202573623
2.9869381755726265,17825.73449979044
4.7090475086585375,17225.130363119722
21.285799431131572,6039.797519442784
9.698221433188428,17012.62939839288
9.396199548154991,16093.606191374121
7.786532033478787,16714.50822462792
6.016463541201748,11788.636928950926
4.599164639649202,16020.933080431738
8.780527477381092,16473.043534256274
6.858318826405125,15645.770691323127
2.996993150232444,16167.277355896615
7.930039791961569,15740.366086671462
6.523852193953963,14695.132947307233
2.996747045168235,16468.591602567154
5.937939858197581,15678.440918198683
19.75569150897322,9733.156577324798
4.554445229419429,21300.147659521826
11.385144521507867,14165.48264784661
2.9992693254861393,18400.464092444843
2.981901492917336,15911.31472945282
2.994305749978734,17838.004350188177
6.9202764096765605,16886.040342168748
11.640567639354328,14462.561435002543
8.946805096681585,10237.359885737245
16.32724822985959,9900.066328903555
9.581378715783922,14066.523452126597
2.9988035479481563,19065.32408831263
3.5186829105944524,22231.731005018497
16.078887707538364,6531.122566479652
2.9880347818127055,18984.2130308789
3.151715985678411,20292.945888172773
17.336371239816856,12742.429760449711
21.118169288643607,4994.212066096693
2.992895067076145,18859.30494621542
2.9940390101571364,11498.114854561112
15.938794184923456,10053.437511000111
2.985035635704775,8777.163579867187
10.635862150991786,14735.365322636097
2.986822652877077,15519.91383775416
2.985027716573433,14154.0780118633
15.304917878975788,11337.348050961284
8.575481943782467,9039.195331811641
2.9975201557790654,21115.855879666597
2.992894575350155,15194.062740033734
2.992765246280588,19850.18262718119
2.9851010278290895,15282.483277866484
8.985993624912815,14164.388800815395
2.9892403616148524,15959.947282208637
10.77236099062592,10023.362239117296
2.9970111818284773,18151.044528170543
2.982697133106916,17816.54967205151
2.9930643683954097,19022.22933610632
2.9868004647748334,11288.21302182357
2.990148607673547,16343.03643376508
8.758378829703732,14793.051157651256
24.480546349158367,6844.934114563309
2.990056406773964,19984.571466392666
3.6646110650677928,19441.559966841498
2.9924925660872352,18842.734199817318
19.694604913655002,8793.284856519462
4.785733988726645,12510.606753887685
7.11406286661817,13951.851013822963
2.9977549605900493,17876.777625942388
3.73336425784279,20588.720950382358
2.9909878800676486,21934.822314974914
32.95150484962585,2439.065936416495
9.039552596176526,13690.581441362427
2.997275849969717,18114.90153396932
13.130006579000739,12238.783950155259
4.109199055667611,20918.145925637444
7.627798107091628,17161.02118453035
2.9962842489304746,18709.853668989595
4.145261372937744,17123.92978333845
2.9974657628730403,18357.21614989434
2.999665623831575,16456.80827247891
4.04718464674511,16634.574786136363
7.447508055905295,14925.150031024375
2.9754347295821146,19134.264077361244
12.243094944188831,12194.860556103517
7.044900245039205,11854.129169067151
7.7844145308831365,16218.826629507566
23.393769459809903,8186.418238851503
3.9245720894091907,16599.209210395307
2.9958467117437584,17779.673139882114
4.7078159192467695,14577.860889323245
2.985643559572899,20309.2725593923
2.9910632969534836,14797.238929461955
4.29271867910371,19808.085262568897
2.987681870633761,15348.816836674627
10.694682083920714,14794.830702010811
2.9792972891395793,13857.691967928356
16.15943469138405,5565.844848744794
5.564906704481113,17084.172255703263
2.9898859455634708,12893.443129304162
2.9942473551283104,19823.142939329737
5.90630775751299,17567.3960651655
6.928031795050919,16946.18543744021
2.9801933527511975,7017.82314004694
3.4953692260376985,14334.015345350439
8.352604813370254,17080.708257102167
4.159503249837464,19654.36601793491
2.9872065130602943,16545.66548832909
3.742344494233338,19772.603794672956
2.9935390200220358,18664.781218306372
2.9837257491321187,12936.696316656424
13.927531796203283,11522.352120896121
2.9876858986398753,13640.874365793756
16.541111155193782,10189.613652931883
4.415586033205967,19537.36843365571
6.836051564002878,16084.298118260778
6.95328902983979,17437.456802087774
14.685339624361152,11545.666232119358
2.9970621387978595,20347.78176801777
9.136338244689426,14605.329929364332
5.0428968216062176,19873.750947754008
2.999222401393844,6141.620165532564
3.769706326370228,15259.224558052258
2.9997382506477273,12860.272586537605
2.996245348515702,14324.472083548966
16.214561994667545,8981.062825872577
3.3313913065601857,19478.6076471676
2.9972402692765865,16219.198670019285
2.9861967869798156,16858.174984223915
2.999246303486387,9957.573158645157
2.998568424836312,20541.517790976457
2.9977274588417897,19281.658617194462
2.9994301248809405,16657.021070202944
2.991765749754088,13367.873102992398
7.675359544250427,14227.26323773652
4.826480525700222,15602.086863145618
9.506559567481503,14746.511731054039
2.998279149854501,10217.432541945302
15.413437090642407,6859.693537767885
22.668302768543278,9256.180484886425
10.519854438663092,13495.569789796664
2.9960348486113024,17377.289512705876
2.992912088224524,19526.77788526256
10.667014958506448,12194.463669180823
8.129530215939084,12882.037576304976
2.9977961458200486,15045.048203664863
2.994100272960058,15354.927187831621
2.9953054935160512,19448.848206752653
11.38444845172444,13256.280066179434
2.9875786946614493,15988.519745359505
2.9991979000914495,17340.57696941128
4.380935774043608,14563.713876101649
13.534798737896487,11845.622498329953
3.8132180582137702,19689.395525469892
5.599249092837654,15199.028464546866
3.4254956146000604,19091.15960980005
6.163562755245332,12465.853159674425
2.984397918489495,19394.785980344674
2.9949744544063917,9044.170365879672
7.1609478435915435,14531.734076377237
2.993142735342824,17093.437234659832
2.9959071466110245,10205.983615111683
2.9886061139022297,9532.984984070068
4.536154894825697,21138.95286879363
13.317668182999801,12812.51664587686
10.142096792206619,13070.899968636979
3.245783158573766,18667.143433269925
2.9955256118555167,16807.702704638847
11.503753594380074,13159.962932737031
2.9956101806730944,19381.27276877109
2.999462706217854,15137.845379713606
5.361928831571359,15676.88056252084
4.040431223440839,19612.89910452446
8.018150393058775,16619.228942681566
11.586697764047447,13787.546080891712
2.9789808352695526,15793.935061533812
2.991725814377462,15173.092454901089
3.619311125955247,17065.058867042135
6.937659952088001,19186.005294411592
4.27693036218158,22608.710952419373
2.9998224656851513,18620.811021226822
5.755686218783592,19248.1939647467
4.243765167301714,18451.309253081974
29.83839250784032,5645.712598255998
2.996888535174963,18103.649960412702
20.245699721420596,8402.25572010536
3.364253414468643,18334.61014938565
2.9816459677402896,12014.650401407873
2.9837246115604183,12087.13620773815
4.456207356694702,19702.82362067961
2.9976606357348454,19913.363291902147
17.92220445498405,9844.229342100403
2.996369810268878,13672.965642325094
2.978981067381391,11762.888424977258
2.9779210884619474,12383.54174595815
2.9944777661919373,18617.56175205248
2.9963379289836656,11812.660379103278
10.519714162586132,12283.138130882027
13.53282878102679,12670.284665735562
2.983827286715049,15362.74201902423
10.272527361488464,13853.93266896717
2.982017850379579,17693.02042407388
6.840744425373021,15312.832068510059
17.980415223775147,9607.095090924322
12.769079578837939,10692.103988291887
3.7157293855588036,20874.940224119382
10.367293225124444,13987.95339241908
15.468514070126318,11458.17143834693
2.993431588862849,12480.886015914364
2.9926892499243896,12978.956501409168
2.977833636417957,17780.36393545983
3.4529668437094894,20134.37087540664
16.334684432070592,10089.64477940827
2.9885681177991303,18773.98683940095
6.597803590116084,16931.49961185905
7.618070058327802,15806.268494464292
2.9905418181899885,16445.663827704673
9.199876000752987,13431.915429208273
2.9993069059287962,15831.869070489114
2.9800967396788467,13972.721214178437
2.9926317158218723,18323.730524728304
18.012123303546442,9751.169255073964
11.262741795475963,13705.40464581261
2.9986491334182492,18430.53451149246
2.9853829231802567,19913.249343783034
22.983752656247372,7805.493622149469
2.9909462671002176,15899.871864504423
9.209240406077113,14672.248456583413
2.9812164753559833,14521.360116012933
33.51358917948659,-910.1179746460831
2.976399568841283,17695.45006065329
3.679922928814494,20193.232616283127
4.222777943328878,18663.011523649337
2.994510750762,20435.67911648151
2.9756164386075206,13821.860979061752
2.996771980542004,15685.355113280371
3.7755330869866786,17148.84888219487
11.136692916033422,12462.738182582296
10.62833795161636,13383.781334377665
2.9891157313728915,10784.434059749166
21.04682963319934,7552.153224942368
9.00040696202064,14323.090764103275
2.990217280349844,15474.8348028265
20.396724781087432,7970.605015842625
2.998120238868535,15618.513768411296
20.85915085451778,3783.2139740690377
2.997430467390835,9284.572980932693
2.996337394239598,19888.976262982702
4.0169970691403964,20923.819856739563
4.975577850490499,14809.822712218684
2.991452792367012,17331.275338879896
4.9002707914585475,18007.578588483793
15.635776262361098,10330.667286951288
14.889401171938747,11107.235310844417
2.9992653449902136,18853.928864332796
2.995994051612041,7143.443858275486
2.995993780133607,10961.187646768409
2.9965678357008136,10103.100437989671
5.051693821765032,18406.50302407969
2.9889678964034108,11510.174634552024
2.974891866570459,10272.674093089972
3.8342020222791007,17449.92719910568
3.887573702304408,18866.407683665537
3.2421236565603353,18513.375326989822
2.977166591896714,20419.70917319092
2.9798404609920186,17124.49800668528
11.418561462722527,11555.273788549022
2.9906002078561675,14488.87508646728
2.9989094516722035,20516.29535515635
7.716482942555238,18489.40538146987
6.432988699822484,15450.827124139641
12.534378084906265,11073.847283969211
14.472454361450117,11411.037801227949
2.9898985787616037,17968.78095581277
2.988183931861123,15565.235627165443
10.75326874985439,17250.93396991028
8.289030159958859,15945.343170768045
8.082523827359713,15863.88874341037
2.9813941826952934,12922.23770364906
2.987102139229739,14417.517054055483
3.613438853116013,19264.687656826485
3.976555994063759,18487.882887953678
3.4149152957752764,21958.92265693542
2.995559939127622,17939.577902818863
3.362608471264545,19361.52477870486
19.026025673026297,9672.655498148171
4.1892146392570755,19588.343280867703
9.248692642303576,13927.364939654562
8.601607334704601,14760.444163114174
2.995684318290682,9140.415465087373
2.965746313363457,12976.964619306364
2.9936038404505503,18161.070893959855
2.9956530228877867,22025.875167354377
4.5004111425548405,18206.09003394909
2.9835820595113525,6200.424754624753
2.9996296907020867,11282.965160572548
2.9844977440695746,9762.403805776665
6.421628264914826,14553.783692178924
2.991625506640958,20244.385263752898
19.644154088665037,5931.918944344833
12.166962221505658,12594.103709388366
6.876005275415432,10448.595145774083
2.9783032727186067,12398.89134637537
2.992934489378037,14624.543784029593
2.9895193251059227,19454.605937857206
2.997915472574815,15578.014226799487
2.9833143506410136,22980.283614660417
6.003524123029789,11974.256824237878
3.0512995799691613,19777.980268301933
24.431932651810502,8237.911944881589
6.488007508718624,18498.55172367046
2.99156244631889,21929.05928289182
4.969532780197849,20061.633311437854
2.9867225195100087,13706.81211356153
2.999384777781537,13881.563492123872
2.9932543686934365,13593.765838390424
2.9844825120593685,15268.447070694623
2.9992533360633837,15198.843872792126
4.131604577819611,14491.841375232068
2.9933337204593964,8600.271733176267
18.382692870419074,9133.298555331714
3.7753215426348734,18224.759179349643
2.9844012565478675,11108.046081471817
2.982220542126513,13543.548193765482
2.9832887265947834,10456.140953934651
2.9933526630306933,10921.335712028738
3.5559361843028388,15953.1736145088
21.365118213281278,6441.737233264386
2.9998782569644176,15005.77245758401
2.9997434203180826,16312.374938385194
2.9970491924413754,17928.84870762566
11.891917368624005,11647.083821837614
19.64984392409362,8824.507858809788
2.9991608876935616,16369.533348005794
2.9940940042481166,15781.687755197943
2.9933425944465215,20816.989114893368
4.351817947698011,19087.378049768788
9.966961034923775,12928.516159792942
2.993967548046053,16157.15814939196
16.35424381648149,10474.947435813261
2.988609309000675,12869.379926703443
2.979575813315589,8872.142194741256
2.987826465642368,11480.5406730537
2.9961491182577293,18711.9786210627
4.082279160180773,16456.88695955797
14.31513535753712,10803.259928963374
3.7582366225795347,23643.187607890002
19.1603049283315,8572.559223930608
2.9853791574146418,18146.813216108803
3.949529825072362,18085.593273645496
2.99244359589011,20200.18385452822
19.620176131003937,9317.742106584552
6.900030191806947,16382.277135821681
2.9893854042902954,14382.020187095219
4.987407901725189,17589.67294988786
8.904528476976243,15692.837904090815
2.997952636164719,14907.370804869743
2.9965360891752115,18263.059844552743
4.218149720036308,16730.044508475097
2.9860885349779296,12683.475343854438
2.996138342739623,21307.34549922587
7.08830489906577,18279.184573572013
2.9977836978896586,15741.628171915605
2.9951763975189953,18479.717494982964
5.579538317471334,20809.41862699568
2.992481341883251,15406.030604118085
2.9922765104832276,18612.395815086413
2.990425882313249,18078.309406258406
2.987067588998468,17132.84766175234
3.5251033465114117,20497.37935325583
2.9998579414195516,16464.532298074882
7.030723519463893,15579.258392211663
6.092814508376796,18659.80581737294
2.9961348699271757,10829.97578912346
2.9848632582486374,8608.710101083201
21.3481135310442,8022.123940565679
17.003773841274867,10466.009375860644
13.493765703157427,11317.884178200571
9.105777713253348,13897.84202955816
20.058103871140435,6763.749355196174
4.065689326559812,18050.28058551177
3.335266258326901,18329.172295604058
20.48313810232546,6043.961409141032
5.663852186262006,16961.32835351902
4.445364312015937,19154.76121294709
2.9807450389642067,13280.905462458055
2.9936661848129322,8020.065900279836
5.985043798661117,20008.184178191834
2.979795143980316,14861.929907285446
2.9765675107787413,10626.773944057568
8.222789996334571,13978.801744672399
4.815389408657257,20346.06632953913
4.953700667805213,19301.535945017462
3.214959728581901,18965.128920426865
12.66044304544389,12175.222448257988
10.140731697567539,13387.669535313966
2.990368875640617,16126.886035506
2.9922975848703506,17533.68731947105
2.990751322871279,6539.592819637287
2.9796894952236674,21309.916582666316
6.923963134600693,17046.919151945764
2.9920225207989923,15703.430212023603
15.445912427801295,9715.008977454518
5.207340404366267,14145.710818758796
2.996661495199716,17009.386201007394
4.121060221488466,19457.495056670927
4.357250716310793,19137.00314671355
2.9889519467352517,13271.661934471213
2.987622828106726,18299.54090549038
4.461496839624562,20669.418639567815
2.991108954188898,20335.92775123719
3.5324966020573334,19889.702007254888
10.570409762787264,13875.962646874988
2.989402308235015,16060.197084435315
2.979749009780063,12171.44325505388
8.770239793708177,13161.792418360452
2.9981084301505514,16731.974373376357
2.9977983470374197,17451.663459758234
7.370893698640847,17289.28965203377
2.9962602456581835,13153.514761578768
2.992847920633181,17351.50290764758
2.9951749679280786,18454.978742749354
15.588975774000088,11061.51170557084
2.9970908669787577,8249.604315842425
2.9986755165016867,17380.274045620525
2.996772077497053,16791.814711690775
2.9903507315700164,9111.466354252543
2.9866234372145657,13264.991361788085
5.4483410143581645,16503.065688001403
2.9971297798852055,18494.938271128773
2.9977755661844703,19055.33671627294
5.866876434620328,16983.212447222148
5.009807634005024,18193.431665857654
4.445908531690632,16725.256452069912
2.997316776067946,17242.682108520836
11.73505570510892,11885.916197577519
4.685975363211679,19866.99662778923
2.98788321708926,9044.727773293975
2.9935725428650755,15833.682882380766
2.9904992395602488,7436.105742575053
4.735643466584649,17510.608651087154
5.660678932847032,17952.451707460266
5.702663968761542,18382.90978900904
4.618941113694583,17597.931932350464
2.973281709458014,8310.064466769722
4.312881779895785,17134.633261598326
2.9987626370547416,19019.833951555353
2.997945270023398,19892.7547138779
16.48979896265222,10261.686090127228
2.9964043173389467,17462.45922646959
3.4798041267777022,19851.345026774936
2.9946815512813565,14242.672620860716
2.9946792247082787,19272.05171340659
8.478824710333928,11028.104367862707
2.979004933423446,7555.215124191923
2.9999772167064176,14009.90969892333
2.9937492456596435,14626.29199415476
2.989584409255435,18919.694994508234
12.177558174922444,11469.621564620282
2.999273396387218,7390.736616428668
18.263218915642714,9860.58560331344
3.3491120094684934,15576.152449110083
4.631700937907378,19994.93077300279
2.998891190810313,19203.449101984726
15.884584837566418,11082.062013086284
13.26140675088805,12497.92228440782
2.9951064982886852,13365.457793155629
20.536603070729637,7868.856190486513
2.9945115993328106,22369.974148334855
2.982358908939848,11477.487372480682
4.574861449360371,19270.670319103334
5.608097723539223,18317.781570905827
4.043957095143666,19810.195230520883
18.046141015607514,10397.07137276111
2.9857907515616984,13053.452555265638
4.0452559272981246,18060.986720973175
12.055976419681404,13167.981183763828
12.07317853804963,12370.73401187928
2.977292253069888,14997.050122269015
2.9951745150906497,16354.377971535629
2.993989874754938,14091.530228395375
10.506100957048334,13659.24701984789
13.470594450230028,11793.462058548374
6.164959998520886,19518.762744623276
2.9895822658847178,17964.41958797166
2.98618723476734,11977.81502244401
6.832199214978636,18466.247513939932
2.9943798639540846,16060.700102931807
3.59553806604008,18569.15523307191
7.162662907960819,15795.958680438973
2.9930044909527314,18746.849200972396
2.9910810629299887,21227.80697595626
10.909554445434964,12920.59443424596
6.187504135493825,17828.54528319398
20.126114439841736,8990.169868543175
2.996340691774433,15940.919555529637
19.858090577069493,6257.437804777123
2.996364367461753,17688.24068727184
3.4818814897813932,18728.757291810736
18.357204875074316,9090.528335296029
11.253190655345751,13772.579998055431
2.9987124499113293,14632.401040110835
4.607822717689299,20852.517654910298
2.991924421624294,19854.31003651826
7.5439173651837015,14470.402302720024
23.221386239377523,7493.488445176104
2.993725856365805,18477.726186113163
2.9897805158170345,17903.702040936198
4.8075793466077394,18463.863569615056
11.461347802909563,13383.551916728391
15.255716818014502,10261.73594532278
2.993286023111902,22597.710521429097
5.805478355370594,18074.27888779077
2.9956291170188036,13261.356227463984
2.9885372208333933,12099.084838091914
13.953908848161793,11723.531273179811
3.434881695492256,21049.609991960257
2.9978448546450673,10517.465325708401
15.60376912328301,10300.169273673057
4.71580777376973,19525.688739567242
17.665324260569466,9464.354921357095
2.9943574746419594,19345.442777682685
8.380452387205784,15868.069882043417
3.189859330049223,20385.830776131592
2.9821835582516987,12374.85781616349
11.345258534406922,12495.8453043238
4.390118657384144,21537.91232798783
2.9993509050777627,17618.04477068513
14.974310639040043,10772.333675881326
15.358629739371821,11145.087723315475
14.19383991543625,10307.513239300073
5.768691168283144,17025.980171337742
2.994693851467031,18541.92123350204
5.308515163197244,19851.88976177294
11.050410662580417,11019.255547312468
2.9852919373552993,21517.328559564765
3.864085061200684,19220.655060502795
11.047612469210385,15001.955257281224
6.902245618038138,15429.094788419325
15.856805957206488,10759.95114610328
2.98835692926054,16230.907342712204
4.739035982948148,20117.924772200164
13.179629037254282,12006.471252032312
17.28761070206684,10682.662485829174
1.9621671121713673,0.0
14.480430749072797,10102.134477394442
2.993441384346574,17871.666479280666
2.9865411115390414,17751.14997172257
2.9958077260035694,13780.378081863599
2.9925331665283204,16907.50195754527
9.993153063644705,14415.053005076737
2.977387004896636,12430.864909985958
18.40813476274948,9885.039379665683
2.990550616903389,18846.916424913554
2.982020661835073,9114.175758404537
2.998372985458017,16126.06252917405
8.379438251454076,16742.960015560486
2.990780284818152,20329.943304528253
19.649940969615713,9024.100467577751
4.213803237672192,20096.73819097803
13.984512556168218,10719.944081404208
2.9881604962939705,9418.694823764246
20.792572459654426,8243.04900032939
2.9922085270997814,13841.383970421475
3.9330770674388202,18785.02915786182
2.9888854743738413,12094.415685165899
2.9950677810835105,14818.774757339184
16.552714901162624,11043.49936453387
14.370072928295968,11375.838479006867
2.985813761344536,15600.128079337774
2.991354642168109,16420.173676242423
2.9917090421370442,8691.152841935354
2.9901085587907876,12280.017527343438
2.996209516536733,20002.70907545554
2.9909776264675574,15498.69668011261
2.9989625453838444,19631.298939925087
4.693106425420939,12690.86841872586
2.9919250339087116,19451.95652559634
2.999034838033223,15957.04041127606
2.9995013692417603,11679.067684281034
2.998004547243189,14628.545372364257
2.996698327487067,20962.28673352663
5.277987168580216,15511.690242869185
2.994644240719175,14026.053629955073
11.135373039745891,14173.893977599279
2.9948759669727787,19219.737169450313
2.9985272628960993,12823.799507448855
2.9976552298493417,18603.406223146343
5.2883779695381765,16919.603739041755
2.9905751650613146,17666.400624833248
2.9931040807012157,13753.985203165133
2.9968661045235634,17828.388087853295
20.978459877573407,8486.880389378615
3.3437461315092287,20241.18732171855
11.275874815472303,13888.736888016936
3.385154971066713,21843.638779373938
2.9930368818852626,17215.551427459643
2.9965218346581644,16225.978057646156
4.424610079903251,17165.429625131426
2.981506484889552,10338.533107701824
3.928092058758347,19764.743426199606
2.9988425805533905,18118.69103446765
6.746838481023661,16635.51050581897
16.560046557503576,10276.287308990217
3.900561925092739,20735.53049779083
2.9867939744628376,9440.58626859992
17.907001153885894,9103.085798989834
2.9920776691035624,21464.060217968512
7.231012776556617,19033.520122656766
19.06245493338157,9466.98940079867
2.997977758769916,13973.937227920478
2.99849883603608,12935.068963578384
2.9989244072662267,17481.244549891828
11.159535579582254,13499.20802667567
2.997604172133728,20219.22882185032
2.9920734604403916,20634.303146796006
2.986632616887488,4556.49274587608
11.699986490467468,12580.646236686413
2.985728367396189,18229.77661595023
11.172916372587594,12262.586538830838
2.9977600946351957,15956.140206231174
2.9961250590752178,23548.423013068958
2.9826587645029248,11197.484024637632
9.57276539826958,15182.91688673869
2.9942178618275537,17747.42864465677
2.9951459554181628,19945.42366367827
6.403016002162646,13377.21437873931
2.9961334628976783,14523.48127503283
4.878398485864954,16473.78836467893
4.725359043819172,19851.724928258827
2.999928416775823,22326.260609915906
18.247783564189692,8973.429939295187
2.988866091016436,17405.429544183466
13.003308687923463,9673.99768257226
6.901288180769373,16630.028339090622
2.992929322507537,17198.312481438144
2.9939654868127814,7247.595939305856
2.9944667547381476,13510.725126917836
2.9965144024827866,17488.695632700514
3.395897101422437,20865.432825580996
2.997298202403199,13479.859063659784
14.523512221228717,10462.283450476572
16.28540344533084,10643.837406243953
2.9868569290791314,13163.658526514235
3.5631823606878137,22102.51021126646
5.422624267955064,16853.14518889586
4.826846579267299,17297.228505252213
8.682526524786645,15653.26062529076
2.9989374647840275,21947.35945978403
4.873366888978965,21649.91788985408
10.697442432075732,14055.382867356204
2.9870298490334664,19686.63246155375
2.9935092640035936,15384.786802603712
9.34007290596361,13430.668407100133
2.993669565463526,22218.547418450456
2.994415547369645,13039.915874215027
2.9959515801982453,14398.561668648626
2.9995227544258203,18971.432167395902
4.014778822380433,17485.13384265095
8.143988210120812,9952.462899110094
2.994192226457411,15669.162141824409
2.993506349748564,16357.41327603377
9.770844761344403,13508.844585465402
17.300339368610263,9535.42795078974
7.306273526938191,15554.85752756768
5.673081040953913,19570.350913165643
2.9880993996550833,10580.877388480389
2.9951780371622,17130.355205326618
15.272094317474576,10408.685456520694
4.584409133636902,19306.453641616146
10.609910380079612,12656.772229067346
2.991101159018992,18749.585786217154
2.9992680409312364,21850.024259637892
2.9879955514106213,20158.448688801986
2.9979069254321864,18545.072543550526
2.9855996965197686,19204.572095807518
2.9935254801249176,13730.711453784472
4.715478240722736,20031.55341273957
2.996638990071991,22650.88382072201
2.9981777822043583,18599.49048830801
2.992599874991823,14207.38442220471
2.9938680977572614,18435.64169248989
3.4817619501700285,19277.204458187793
16.299621544854645,10430.971364946196
3.5286348178929274,20663.34885792903
15.49410138469861,11213.06819284191
4.638060382941289,18109.777450936817
5.423023388126215,16906.59608495142
6.947278618717355,17181.445941242357
2.9921557244993604,14840.916210940144
2.998042954724465,17861.142446507398
2.9970597277498094,17858.47513738525
3.189558930872209,22608.049824922444
1.9684311212346264,0.0
2.983059655442946,12976.282151236108
9.91987254415569,13272.599779126595
4.6513859235616835,18400.35445392499
4.2449537564569875,17723.180498829675
2.9995960415960767,11361.222796227969
3.3263034694189733,21892.458939600372
2.984843516914216,14755.850391119544
7.606785602513721,15319.370332575963
2.992104227991153,18461.209906714714
5.040548957228198,17315.472626766816
2.993713510718869,10911.386242589266
2.9952606843575182,15405.395640596947
2.9866494430330306,12998.602662728685
2.9846153628046603,21747.892143186582
2.992649688031641,20482.261873259504
3.846246637884175,18225.04083198934
3.732671738572725,21761.123534851384
2.994659752704088,15469.505104323094
3.4544224994319066,19693.960293131317
3.483046076892402,18786.539551943548
6.424654338654918,17325.177088554876
2.9919945854340253,15223.030443424563
2.976445521899684,11901.908995499985
15.245213350446091,10969.6507467847
4.06337886089663,20217.301492668983
2.9880578896776213,17271.248231803067
2.9900460202719104,11740.942130458772
2.995912725384068,16081.189775983117
15.65001061623745,10331.202745514604
3.6347605576190714,20195.40761488271
2.9999638455957887,19489.394890210962
2.9980176949491586,21016.368841973188
2.9759694815422653,14432.96977351156
2.997339546533273,17544.071711880733
4.928236822313752,19587.236316698352
9.046151312834786,13518.831693542088
2.9822817499685392,16630.689494623508
2.987044670159858,13057.42325681899
2.9938795005953844,13738.639264223953
5.943404840286276,17982.04539397412
2.9917301882182263,12918.436917338491
4.126775487623589,17944.532993484863
2.9944567700670945,16880.14859566376
5.750565591387909,18549.393081507576
10.498546170332782,12171.270939066326
4.707821784226985,18616.792124599433
4.3903267341296335,19589.54193038582
2.988414355154142,14254.523153063235
2.9739312534554445,17241.04399287102
10.33045046867297,14277.139944794944
2.992763812254404,19800.083605767788
3.6415743119466972,21384.355059749407
2.998923006331398,16944.81975549467
15.743145081011813,10406.90025308566
4.591184017996417,13634.904458266023
2.9961258686021193,14403.626997278261
2.99071654540607,12119.555396669248
2.9983267542417926,12909.737361505926
2.9996306725799244,19931.07888352539
2.9977669013743324,19339.883638992254
4.887340959902043,19287.67262772209
4.719188176977933,19023.045735624524
2.978408142705522,15171.507201047832
16.392513319883193,9347.895135339397
2.9930509266314935,16390.216917187467
3.6648737284354835,20362.47206784104
18.61965651925371,9036.706561054993
19.09206128827655,9109.557042333563
3.1143310302046943,18831.082742751347
8.6622175131161,15885.556540147903
2.9885208359867352,13780.865005036147
2.9887563079095547,12038.935834028938
2.9851403478140868,11909.571772446508
3.7186747505920468,17914.255010606827
2.997468196236974,17442.703397095847
2.988801977480089,21065.30143023584
14.558300135414806,10668.306452650544
2.99618814169184,21463.416038834792
2.996533159758679,14679.954310671688
3.427393131096013,18301.344310354536
18.65992132405664,9802.486105322942
3.5928259857871474,20058.59127169452
2.9958967557233818,11847.260419699136
2.9912822436054,17464.79042389556
