

=== New session: 2025-07-30 11:03:24 ===
Episode,Distance,Reward,Steps
20.257367972297182,-5920.387016569363,1000
31.167585237385232,-6411.692147053176,1000
12.1995667602737,-4185.556950642,1000
25.63823101255587,-4257.611803910907,1000
29.85293509187949,-6142.198152183917,1000
16.189359244110385,-3660.0631264858835,1000
20.546114960492325,-1765.865428783525,1000
26.588610083070844,-5828.63974371391,1000
15.575924361357455,-2599.125576138108,1000
8.881795429474012,-4226.085880607999,1000
31.908889101510137,-5887.419872342157,1000
24.832834096888035,-4722.5224840183255,1000
33.251087224605975,-3374.6362157993935,1000
10.542641420645301,-4522.512334551866,1000
21.025661433388862,-2485.206276021619,1000
10.222314683311364,-5331.914713082952,1000
21.413247917436795,-4693.403053644425,1000
12.268400117930236,-3463.846613210816,1000
25.65702676192438,-3885.7287572714627,1000
10.113675753900822,-4882.247634740403,1000
14.434722097126905,-1813.2748096100534,1000
26.82800597685661,-5575.520739648566,1000
7.324424475016572,-3607.5421054872963,1000
23.762751453590674,-6736.210316272431,1000
20.814556473399104,-3252.4194909930325,1000
7.138117524718825,-2498.190441964754,1000
8.327564606533073,-1917.8305899940033,1000
17.558460624123068,-2286.7042384092783,1000
10.42320737091142,-3427.4322741659566,1000
9.497771249246465,-4836.248277114932,1000
33.22833250565089,-6498.917190302508,1000
15.279581985921599,-2003.0872200190972,1000
24.55724205370413,-5409.096859058437,1000
22.728223127797754,-2084.8225544679794,1000
15.771179484263225,-1383.9720629269073,1000
2.981178360693565,-878.0122836252553,827
15.571484235045043,-4759.865907597562,1000
20.50149980017645,-3744.1955266359605,1000
13.831383856896013,-4344.966286033569,1000
41.44201300031579,-9019.819148279981,1000
17.730124277933324,-996.1451963311833,1000
10.310410290591753,-3817.5560911173784,1000
5.428414149784919,-2395.783613665706,1000
20.725982257787702,-1487.6739649480724,1000
15.743369510015997,-3662.4566378331833,1000
31.777860103346,-5776.031051797526,1000
16.04986253954666,-1762.1972038964977,1000
10.884233784866893,-1402.1146807891605,1000
9.99054601267714,-958.0371476491835,1000
4.613237862497244,-1013.2173438271542,1000
19.712214462435657,-1994.6411640665012,1000
5.468293702937123,-2675.7761969508265,1000
2.978837119620899,-55.93551726951432,355
10.147364129897724,-3916.3402541867563,1000
17.287591606540946,-2944.585506698975,1000
11.146542301136183,-3806.2443501246844,1000
29.783544809792968,-5475.982396550534,1000
3.60702132599738,-945.5120629446785,1000
13.46730413109678,-3747.300736816263,1000
23.472011252491857,-2010.5682224639647,1000
2.977873186749096,-417.45631222213956,698
5.859264632322684,-1724.04174973212,1000
3.5093746941066835,-2932.672936444317,1000
25.746866700930305,-6742.050836410828,1000
20.673937935107674,-4447.200133758347,1000
11.807060188899634,-1220.4423196766568,1000
38.22968652546053,-5497.552327408234,1000
30.363305401347827,-3462.029747632983,1000
4.358485793189948,-2139.5737389923615,1000
6.624532499579403,-3019.0108037724476,1000
11.847026373620272,-1737.9133174126882,1000
15.002991463992055,-2932.7319870848337,1000
20.308437572854608,-1381.5561185541558,1000
22.960595658040138,-4445.817992141983,1000
2.9892926987214614,-248.55935685650024,564
8.457763765898251,-3118.717784687315,1000
2.994022984130113,56.62907384086935,202
8.790473020632216,-2593.0198900421474,1000
2.9157032287676703,-672.042242139983,925
15.055449777686718,-4121.8864821821835,913
2.9776146846029885,-2340.1285524373498,922
2.9708216751894354,-72.27751611704662,563
12.652518985061675,-1936.948459963237,1000
14.261429523914813,-3560.9332991767874,1000
10.973369733160526,-2703.143702260799,1000
2.9995374681436124,-1128.3372598682186,932
12.12346676127086,-1433.204391584477,1000
12.27090900690353,-1307.7915449471388,1000
2.9812499771896013,-1622.1872652783672,690
2.99082368466883,283.2547465765078,346
11.851435833638622,-568.1914195662687,1000
6.187151536681752,-3690.9662415696203,1000
40.273622233040996,-6492.305440939332,1000
10.414504217792615,-773.993337298833,1000
16.124652995423208,-6493.005597821,1000
48.90271740732057,-8738.04014740559,1000
14.010469386109003,-2787.127773038829,1000
12.77302149416323,-1128.1915729786983,1000
9.049904206977692,-2237.7719858358946,1000
2.9859249545554687,-1181.9317232708374,831
24.599009880627822,-2532.7028663251663,1000
5.678371468106414,-2277.0429184746176,1000
9.544238737817917,-2792.4401872147887,1000
20.945024190887313,-2392.885580571042,1000
6.088326705119665,-2159.4800770002244,1000
34.22032116861371,-2907.104538097237,1000
5.0679831179526875,-2446.9469640874104,1000
11.008137310442056,-2982.1540521771535,1000
8.227327962501361,-877.8578546123351,1000
2.98427315684839,-420.932383692019,473
48.41103944376799,-6742.867507382173,1000
6.0098417395329795,-2208.4634908921844,1000
14.446199507845089,-2180.4880728205653,583
12.155537352090814,-1143.722105891186,1000
2.993688628790909,-832.4468663682974,585
37.255280312625,-5673.880585026936,1000
12.278807969205005,-2963.613646240993,700
2.999934311591768,6.852010707586146,439
2.9531154241542414,69.75968713211876,851
11.211450848592381,-3640.543632225836,1000
2.9836473923524256,-495.65816589593385,965
5.673409034552217,-1294.924867308705,1000
11.607379597470977,-5215.562258091477,1000
4.995235748472594,-2985.3524813383265,1000
4.835963248835848,-3767.1740765888303,1000
4.876380143853023,-1582.3962652512807,1000
11.267114378992295,-3993.4784478757606,1000
5.067024039966865,-1794.155051011038,1000
13.85056676842913,-1857.1189230646798,1000
10.758861000644687,-2509.4832931725937,1000
5.637971399962786,-3104.570906554393,1000
18.568221222607743,-3485.6593265443353,1000
5.99126893131583,-3799.484649284033,1000
26.315923647088145,-3567.0948909267445,1000
6.760461703831581,-2272.034781887811,1000
3.076512785098587,-1621.5516318648577,1000
13.795059317890644,-1353.2636545711937,1000
13.171887920706723,-1757.7759188841599,1000
11.875304882691971,-1025.8057623139716,1000
2.975510770148394,-1720.356614634713,785
4.824204987829034,-2597.4611234358595,1000
25.616256071818576,-2774.0871064195685,1000
2.9751740080375293,-279.67908466848417,475
2.993283580844466,-1263.6298090530524,978
4.96881405584744,-1540.8642824048916,1000
2.985653231594407,-854.9093289704676,899
7.580912661152596,-1864.0338825476924,1000
38.50884777185663,-6084.448887276611,1000
16.620040083170316,-2638.5620682843496,1000
6.312896847327998,-2392.8415101389382,1000
2.972562572791866,-245.96648959281026,695
18.004888523865514,-1563.4567737729342,1000
2.9805875391272605,-3609.549178894227,915
2.971933580930689,-885.0040264332622,914
24.373671284969255,-2156.565639991194,1000
21.911110069489975,-4753.714953038444,1000
13.23332708625238,-1188.8173772864038,1000
2.983097563319306,-973.928493106102,947
11.503847877389266,-806.9927677215555,1000
6.146426436723916,-2824.9646551739,1000
7.991421515138157,-721.3872781235245,1000
4.984599831449163,-1730.1218537893476,1000
22.761174009270906,-4882.227147397637,1000
5.646873709331564,-1401.4106387875663,1000
4.5296321375531114,-2177.1587887198193,1000
16.255557259108482,-1027.2820944704338,1000
2.9997073069072107,-171.16780903936126,790
2.9931504962257596,-1004.4659709378204,812
3.542067409273309,-2249.491565072712,1000
3.565191602743798,-1548.9728455118916,1000
4.563656215545318,-1460.6842827261528,1000
7.987825121844109,-2919.6340052044316,1000
2.9865591656916326,-1341.4655246020013,777
2.972668079368875,-1043.896534037775,844
2.9988465351055833,-733.590581856359,958
2.998044485125769,-460.5521511717441,749
2.9931593238356355,-1799.6959747155715,857
8.854391004155188,-3010.123934607444,1000
9.558328786306339,-939.7856754149577,1000
2.9929542472022708,-604.0502767633616,910
24.286005887246503,-4870.505425289264,918
13.185406982220146,-610.152906205867,1000
15.078588682097795,-1230.6428849099975,1000
3.3509316587664277,-2182.9792081765677,1000
2.9997953404758992,-363.9764087116919,697
32.34463608218791,-2720.4163665997426,1000
2.9781243935020125,-322.48749841904214,648
2.998136361761688,-708.5128152774771,998
5.5196636386360876,-978.3941488798156,1000
9.258443830736494,-1750.1738046633507,1000
15.559257411715105,-1313.360642444962,1000
20.915058980383797,-1382.0595005815494,1000
2.9749248475354872,-410.55628464918175,529
8.947217054496823,-2279.129945118207,1000
2.9964879579657673,-738.8047616406357,815
3.7633593758414556,-2442.113597124462,1000
6.882940571743902,-1823.062352080684,1000
2.9937981239138187,-321.4878930641448,710
2.984430323391554,42.89383500421252,926
2.9978600083673115,-1796.866657559155,937
2.982304448836504,-1378.5990455397794,895
9.982601243466322,-1140.9050988328293,1000
17.902589341090273,-648.3582215185204,1000
2.9955664708964247,-1597.2099636884136,1000
7.521167729111851,-1939.0187880932215,1000
2.992837874935459,-1103.5960840006687,540
23.836538760629942,-3344.3288757386467,1000
2.9946706741156954,-1509.0401636670774,816
2.981546716504811,-330.27365257477743,519
2.9788719526172147,-860.8509613874435,886
2.9807975642896163,-662.1171307813054,891
2.9481873749784144,-733.4910858096141,697
8.113667609384601,-666.7205777250094,1000
2.985574851710154,450.84998737954027,658
2.989743414621104,511.0099280582591,450
2.993870969932176,-826.9783865238785,745
6.941711659438602,-2162.2353901001975,1000
19.096851715664695,-1352.2619677707007,1000
3.9762674764202153,-2777.6737132744015,1000
2.995634324133298,67.35999722476771,316
2.9702411472819383,-328.83166814047866,794
16.802852879272532,-2235.8030306908418,1000
4.129605205478824,-2412.966945236565,1000
19.344245059012426,-4240.049670833406,1000
18.255379045005075,-4724.7488377062555,1000
17.271505504600505,-3791.8343143802304,1000
14.158670976047034,-1612.6887066310742,1000
12.900231497355172,-4078.7453909949045,1000
5.424905232216483,-911.151013652176,1000
2.98373488066543,-962.88293059232,795
2.99990257943308,-1844.4633458940689,906
4.076099440433365,-2313.9340555732165,1000
2.99199591393664,-107.6418065713973,737
13.208996101897363,-1838.7999471073992,1000
36.84084619538703,-4195.381795584966,1000
2.9703879835718356,160.9955367984387,725
2.987492582599457,-770.8023710970101,757
10.77230279748532,-2091.7688741345696,1000
3.465247379327485,-1419.654367155081,1000
2.9994822206730047,-198.24519779427828,365
12.249821119322453,-1103.1465510804676,1000
30.898094957474836,-4062.136067488819,1000
17.187489806730355,-1097.3178272767082,1000
2.978211512088273,-643.2649851596916,789
11.816543580521875,-1827.0483309047306,1000
2.9697123945329214,293.7429119212724,578
17.13655067623734,-1161.0778849539986,1000
2.964531997572234,-2108.32121503203,919
2.997200633076974,70.3200031890376,791
12.558373131938712,-1503.3692477170362,1000
12.675532309745371,-1442.939635237798,1000
11.289243976373218,-2515.669749083617,1000
2.9967120981163053,163.76554739114988,252
9.530698761430974,-930.8824510870476,1000
2.985371110148959,234.16046645944158,778
24.349734908975964,-4820.596381429002,1000
2.9993079437406593,-104.32156207942921,951
2.9546916080365393,442.4152206543257,90
2.990833038896538,-132.56059091093573,572
11.615673069208091,-1461.0148052848594,1000
2.9918157971990302,76.81313621191606,297
2.9679014802006383,257.19850996831195,430
10.677092537678837,-1002.1312316675835,1000
11.725286224548698,-3783.0631012520093,1000
2.969988119525962,398.58959255738864,320
2.993200772707508,-422.88351388274214,484
2.9759931496564915,-132.04645921170766,625
2.9658960974871684,350.17668859648467,464
6.228811105452109,-954.4597836154898,1000
3.511559656451231,-1902.7696091260716,1000
2.986716510018323,31.834357742467375,800
2.986355732739259,378.6442543163556,422
2.9732187761059925,361.89358374710264,274
2.9634614970006776,15.497289661206537,645
10.250942653446822,-976.7956896040254,1000
2.9867025441659356,378.32576287671526,470
2.9705958989508843,175.6419919542409,766
2.9512368965143714,-69.82030693545892,770
16.169356033618495,-728.7365637843874,1000
2.9570151066320984,89.05988577790384,632
8.609102758976924,-862.6588083607833,1000
2.0464171393324104,500.0,1
2.9900794724081745,309.59067361669986,792
5.317172539340234,-1150.3143572598153,1000
2.977719426023464,-150.27478013804364,610
2.9812181500692807,-111.47233274563484,646
2.952627460903266,-226.56929766811618,536
12.88137594193486,-3036.840801147916,1000
17.77865187251654,-1422.253165808989,1000
2.960769773537424,57.63810670515454,638
15.75654805748448,-1844.7287734731626,1000
2.971144214126291,-222.18442040748846,722
9.86843130017277,-3564.090254644564,1000
2.986165150393559,149.46802457675454,352
3.9476814745066418,-823.0649118976129,1000
7.060027462007022,-576.4798508496538,1000
2.9945286843212884,-570.8396203048908,845
2.9717444728986124,-1272.5793343588052,935
15.608482615274767,-1144.1758893865458,1000
2.9762755377699097,368.76198488983766,280
2.998247263214884,502.6540891854888,294
2.976997629463492,275.8540975894771,566
2.989420854782931,504.7579196516829,299
2.98775671153136,540.5321524879463,304
13.295317573658863,-984.1404796229992,1000
2.950201641506889,-1043.0570892000592,891
2.968898349970763,35.70171159883631,622
15.041852218125857,-3860.142681446952,1000
13.241669507075112,-1126.8894675102674,1000
9.601600908591623,-781.717449604379,1000
14.071582283195946,-1221.4355077967327,1000
15.415756366371268,-2236.8173368525813,1000
11.984709015070509,-684.6939845907498,1000
6.037520055118829,-2637.736027559687,1000
2.9833525680591397,612.7874818045553,498
10.025364075475512,-3640.5680252840093,1000
10.183270954648446,-1725.0880211176147,691
2.9904757237284083,-724.9842322579805,971
2.982636464881031,-167.3263842575018,862
11.926586313625668,-3451.3821882289294,1000
2.9910626865407925,481.54249965198585,72
2.9680695474050935,-82.49092192120054,942
2.9649283796846864,451.0857233227907,20
2.967996158430133,-357.4269404992749,714
2.991611882340691,272.94897623443273,662
5.392391288242289,-1336.0453190818075,1000
2.991125532152104,-90.02796124298527,600
2.9745943674986255,-159.4759248337607,742
13.454590208011698,-2792.1331268193544,1000
2.9391684006051997,-461.4720964452906,838
6.2043478316602085,-2567.4037675549725,1000
2.993602253769954,290.3123359080404,481
2.976586254511791,507.18157510543,515
2.9739358145570534,483.0928816124356,680
2.9787623407247503,-526.7022372864612,887
2.9970756540604566,248.71087153698693,390
2.9959202995340983,-177.94863961660724,689
14.989089289312016,-3728.398752011495,1000
15.955355552265816,-1172.322960840105,1000
8.43438303034277,-1094.5984614709648,1000
14.990070403843019,-1217.958334343314,1000
11.369080228702288,-1186.1666789221454,1000
3.6917544387319254,-1725.4736645406028,1000
13.76906102694038,-644.0233266800715,1000
2.9905892253298267,421.45570090851777,570
3.5972185778041057,-667.2734383356927,652
2.978720230260583,72.60285469328602,922
5.128902577364656,-1680.5791466209166,1000
7.3350422486769755,-519.3326989936327,1000
2.991418301710493,56.91526131809053,727
17.721587432358866,-2294.987879680266,1000
11.9884912298586,-923.1938367633604,1000
2.9720199252296835,-159.26937598652307,764
6.705021143626129,-2220.4864242337753,1000
2.990241366155897,-37.01127490410829,716
2.993893384680662,-317.6693501904459,645
13.977094845356985,-873.7218838515857,1000
2.979181868317079,-130.49513981511825,630
3.526510052693462,-1531.786869349195,1000
2.984349339749077,-1010.462961260934,998
15.264490660292976,-599.4237587141682,1000
2.9606682519288494,472.38091770652295,471
2.971653208086655,-17.423656225709465,603
15.286608447907096,-1129.3780551791908,1000
2.9537881101087375,-10.926301141291674,792
2.973030264788093,226.25933568328122,766
4.303388036496755,-990.5891473578414,1000
7.707163527940138,-811.8267540490301,1000
2.985530004956701,203.91849834842947,317
2.984987009852067,584.5124509560111,536
3.9624663377015277,-571.4821227910577,1000
2.9688828412976194,-756.1418892582196,980
2.958554147485798,123.85577729614982,619
2.952763314684599,558.6548620196769,241
2.9612317225828386,395.898293811815,190
2.9924896343949565,500.5202017436172,635
2.986981940029243,223.78829279480368,514
6.129942671907079,-854.6441028531484,1000
4.0664731434906365,-770.6748922160069,1000
7.963458009930868,-545.4515824611644,1000
2.970652553065084,-21.00135602425837,566
2.9812794226243042,275.0800273720064,535
9.94160233298225,-1087.7756827400094,1000
2.9852068001244914,423.6921363758865,636
2.990857960364183,-205.47814271206778,786
6.834265432631686,-1001.4757457541735,1000
2.9990162623390613,367.91738997822415,317
2.9984146394250577,-492.86816967658376,811
2.966082583480869,348.8717161106464,342
2.963436834978536,533.0528780155165,266
2.9516484547480744,22.697057246622308,685
27.53221804505752,-2440.6036388826737,1000
2.9962366346377283,278.97923920722724,202
6.35357047842183,-836.6308963230699,1000
2.99745338592281,411.25691200864856,712
2.990488978033767,-463.42794044841696,957
2.996301404192805,396.9354922731949,546
13.965127061716574,-958.2653730797279,1000
3.229882572925562,-3116.7529123003796,1000
4.0079138763351185,-819.3551340137566,1000
2.983431793177103,226.15707854571986,505
2.9640511875229913,19.879514674334814,948
2.975788137703865,474.9382403357105,274
5.01688125034923,-850.2646202388215,1000
16.726934284909678,-1125.5263905384575,1000
12.616730139135061,-927.0632897184404,1000
7.3666405388376806,-1032.5082872500343,1000
2.984289286582698,225.35579395312573,332
15.639704720801936,-3478.926067034985,1000
2.9309452983472566,-594.4275227215037,790
4.536565184112514,-725.9098848173348,1000
2.943436649959015,541.3194167525521,256
2.995200670813616,-173.01156232738276,940
4.040558302206197,-1043.3572636334086,1000
15.268426005387198,-920.1627808170858,1000
6.692870429666923,-1082.3724577961486,1000
6.425612509051048,-819.7048540749922,1000
2.981562752339684,262.7738056869054,457
2.9660468766221917,480.78283939047435,571
2.984262794249485,282.17604369489516,496
3.371187831246553,-967.9417917650959,1000
2.968292761163688,313.5459524855262,385
2.9579032052849987,615.2840358738057,384
2.9813242371378643,-1100.821442880645,773
2.999839250109881,269.7912746343258,623
13.620486780002908,-3884.2363281269672,1000
2.989849298254936,190.49727401692905,863
2.985081520812161,406.9819605804217,627
2.981819740590555,-459.85925113733185,690
2.969555873008816,536.4704072835938,235
2.966577835488901,-573.1528165792515,686
2.9886968501127984,-751.9138700115786,864
14.32901669209172,-969.343250096924,1000
2.9837648187073387,38.446721279944484,576
2.9790180329862737,466.83088305004503,335
2.979936421536563,-661.4172911126209,967
2.985322136623562,575.3290584771421,322
5.156621991047287,-852.2247218215988,1000
2.9761180250344053,572.4100924106767,313
2.983699130761458,-37.16887300390454,902
12.827474583248877,-780.6350302198565,1000
13.871301662901411,-443.484121707205,1000
2.990773653543616,411.4491352025797,375
2.966111719322788,580.7077281622261,415
2.9991588790286614,-91.26778158118452,498
7.96900977985643,-706.034398108958,1000
2.9664054029041185,-551.90641583244,633
2.9872491890510715,-177.82363418242358,936
2.982458982645317,-35.20299738298593,959
2.988584175723217,554.0301009506211,191
2.989137920961639,-4.575378586397562,515
2.9923526743246103,551.4801280835671,587
2.9891457715659064,443.7841103307783,643
2.9743518655311294,-285.5996227396571,667
2.976115862251918,456.155329114451,39
2.9938220710659884,441.08607815030257,74
2.9733003957834225,473.23651824756024,493
2.975665602626305,306.24453532806336,509
15.206615808539148,-1391.2209512628338,1000
2.997389398481241,-38.317262612090644,420
2.987748940502722,58.29825982573226,683
2.9971873941262546,411.6292308406024,244
2.9993534890898026,-647.1015439834177,859
2.9936190254716624,-311.1620243121565,877
3.208338050410495,-931.2232329654669,1000
2.996740284827073,-277.63466686793936,950
12.287360390808292,-1228.7787746261733,1000
2.9895955999609556,-441.99519906612136,786
2.9796066333708286,-78.98391177444341,820
2.9752627423514575,426.6088715326704,258
2.9636454659952585,286.24999416530517,203
6.988702203000533,-800.7598095807915,1000
2.973531733726133,435.1292905728335,291
10.219331766148052,-1203.8883769590295,1000
16.32711121883706,-1156.466469023138,1000
8.672076743732173,-462.1305079525919,1000
14.249055280577547,-1426.185065256877,1000
8.66921284972328,-406.8788994861315,1000
6.288416266421992,-1030.9872345158847,1000
2.954543076119926,507.5781547405456,392
2.997874217860038,-258.5144495239773,746
2.990284453622315,-198.74686095786444,693
2.9910703927653346,110.52737586115882,252
14.006256733175208,-1281.8928500091283,1000
14.82238207382128,-1167.249880301246,1000
8.591501136522018,-1185.0467236992997,1000
2.9850059273662395,70.04404043794511,761
19.18297719706771,-880.3646179840206,1000
2.9996866703142366,349.65743120706475,808
8.085820014629832,-2348.3853646218413,1000
9.88614761900742,-1334.9396592499088,1000
2.986796884127028,252.4750957792623,613
2.9812599878751085,75.94925908663572,588
6.811687800097729,-1063.6799943982903,1000
17.158394822296213,-2128.9041619288287,1000
4.84207870194407,-797.228888932524,1000
2.9760717280637152,334.6996471189366,569
2.9955284569839566,-681.021334847396,867
2.9967835037264017,107.14130913385503,589
2.9699428487544446,189.85440097810942,546
2.936810475899204,521.6475300805608,457
7.308013729360841,-626.1260950871248,1000
2.9981846165847643,102.1653662656853,918
2.998966440836335,301.0709686649361,287
2.9844775102056302,142.00193253667095,809
5.096649558957495,-573.2836243389977,1000
2.995146960739975,107.34468525220132,683
2.958852963588176,324.6116491845305,567
2.961435326879813,85.9913095272509,566
2.9848398367332063,-377.15251824726965,729
2.9922503043333353,246.08699564044358,571
2.994813159987233,579.9571355358287,502
18.76954564898789,-1004.937769542994,1000
2.95534858565312,484.07632099652545,511
13.993758838335173,-929.4039214552871,1000
12.652396347536634,-1249.5859020655564,1000
2.9671477837890907,518.4345195419702,568
2.9883003080124024,61.21012002744959,613
2.97014627321789,482.05947475194216,392
15.215635960080117,-972.8342505353603,1000
7.685052455736735,-918.9306354257596,1000
2.9730424243776823,156.48073397511592,724
2.985314326958381,452.09545403056137,240
2.9648348740634267,39.98467194555019,910
2.9912299599746053,-124.77389112830258,984
2.994214738514126,533.3143680650885,614
2.9838668397245676,309.2473584236677,643
2.985019936858514,495.1042256371403,363
2.995496616565428,-133.11647022017473,839
5.377621876511163,-493.2367832220687,1000
6.779780316632638,-469.8344997551035,1000
2.990448098393059,-261.7202114989328,791
4.301174820150713,-1785.4190706239337,1000
2.979428884738323,624.19492490306,417
2.982605499763935,256.1043188856496,488
2.982574442357094,561.7509285752095,301
9.569290010862664,-1749.4788345806141,1000
17.31722521407302,-1026.7706025849188,1000
2.9695931741205066,274.9066827786968,431
15.011330456737785,-1058.4083861144434,1000
2.993874224242371,294.6485737674865,546
2.9822279177978968,313.0883614043663,667
6.31968832179193,-1568.2397995513513,1000
2.947164098786833,332.0359991681033,463
2.993481360838014,264.21416540563905,664
10.371180437107874,-554.3656240205271,1000
2.992148297299823,258.1827632138171,573
39.47708164996022,-7684.436085234432,1000
2.973481381024929,339.8572072542962,564
2.990084962811444,574.544380001594,177
8.459554625552496,-556.5085052238426,1000
2.9942798018885664,-335.3912504038743,629
2.992194331941772,226.74630506783006,780
12.942980903143079,-892.2984707266446,1000
3.0401717641959887,-502.8982585512099,1000
6.967989471404345,-1239.8418597794662,1000
14.071204022374657,-1147.3263240696215,1000
2.9660213982723995,95.79926343394015,295
2.967129131471414,315.5345352057325,656
2.954006711487963,127.91003806779185,409
2.963844504042753,106.82308631381352,970
2.9767598106647406,391.25316410550136,403
2.9982738041168764,504.8792054596383,150
2.993333866310924,478.5886202475372,519
2.9614736726982653,446.7480245791598,688
12.176454459309788,-711.9818640537716,1000
2.958161169216005,467.1446188318048,547
2.9627670386420344,614.6006846234012,339
13.393485439640527,-584.6436111584173,1000
2.9891801590642517,402.96416108180074,493
2.9984702075822174,533.885263707736,341
2.997728805608479,122.16369829529935,682
3.965794767713974,-1983.1605597385844,1000
16.46512045122777,-1265.481520196979,1000
2.9704689902760952,-654.5932216752681,982
2.974460909731419,371.7776464441471,446
2.9867387992274237,165.0401559745381,510
13.726539245824819,-721.9573020593587,1000
2.991374545225534,-211.27979134224665,909
2.9879413459728488,452.73462562866155,433
21.93849371636484,-2340.186984495767,1000
7.513047220399145,-754.8377343565462,1000
2.963612259582865,-139.79326900693843,630
2.9763474395586615,352.45927756129055,375
13.615236028300709,-1264.4749566725316,1000
2.985320695969179,242.86561567937594,910
2.9797449792762114,-754.2269053703283,967
17.06745164450743,-3371.9796786788843,1000
2.9444646800200935,207.43121209690776,210
10.079438277016177,-767.6158932343612,1000
2.978197719016071,505.92845356702094,532
2.9705591028454843,122.39290386842788,632
2.982827128998299,-329.6788687536946,788
8.947527153079223,-983.0841890148255,1000
2.9616935816982592,-491.2015930891108,592
16.966231749951934,-974.5358736155837,1000
13.969526287229849,-709.8454824383961,1000
2.952882322384302,485.8247271082052,443
2.9857861307441667,357.7284804090466,706
19.19836042613653,-4615.583217922249,1000
2.992777760917314,583.0639637887056,463
2.975015603131889,-21.630588405600292,844
2.951714723826862,579.7101440275321,591
12.11328087505271,-1354.5363644905722,1000
2.9929848162066914,523.7370142822961,564
12.008702968439474,-887.5003934128845,1000
2.9756021326918054,163.07457759602545,616
2.9700114988695185,-253.1771251347019,618
2.9430991523392094,240.46259895179418,575
2.993594560809249,462.6234615321921,165
2.969423352226908,270.1314648527375,575
2.998866822972655,286.0925034705068,723
2.997915002477237,513.5758439532897,145
2.976911387277693,581.6796854432496,325
2.978379875958082,-247.96390833108364,693
2.982710797203392,548.4998390572646,457
2.985627013551251,461.4575256747964,419
2.996155965864976,355.67842982029845,356
14.716907326852708,-1249.3584710889313,1000
2.980840241744858,94.1058442829555,620
2.993981549959224,110.05873664964571,829
2.9542478159595054,535.192764449931,294
2.9817448521260297,304.75046525868385,703
2.9608868283488907,587.2497476823692,577
2.9424061229763585,392.7086041609168,520
2.9740887284577813,227.7236107289504,665
2.9998379945788853,233.06655927599417,846
2.9898190875832964,137.1900496712567,533
3.9215552436911767,-2110.7485781355826,1000
4.611158837860479,-794.2787492880713,1000
2.9541180018242397,546.3571947567252,88
2.988775131233307,-14.324370366684207,828
2.9861589716808745,475.136354695196,123
14.061932967394021,-2585.0460730723016,1000
2.9924075510494275,501.03285804992555,546
2.9830050742691046,-431.34779240011414,993
10.332706407008876,-994.1972258156628,1000
2.9904415692585977,379.31571694125785,357
2.9535078554049683,145.9054680745761,639
15.260183671092156,-1083.2546398771237,1000
2.950582912430254,584.7118595923932,329
11.397087489387262,-758.5241998405091,1000
2.990951477800044,-199.23171333169148,936
2.9741303895912137,618.5362699586663,258
2.9808546724529648,529.4436097900486,652
7.449535324225091,-673.5112279915576,1000
7.9259964037029125,-1117.542454488514,1000
2.9958274483251257,357.24857755071633,433
2.9816491039148327,-1061.2598851578243,894
2.9861993553492345,526.207478870312,584
2.9623421436730255,497.5799837589345,139
4.023930295348854,-850.5082736079464,1000
2.987602599957471,468.3447791652558,498
2.9865394195618062,29.300467376553513,568
2.9731152639698886,461.7028618292653,599
2.991281146731702,433.0690505347254,643
2.9403908845086666,-78.78574554086185,734
2.9988198733113163,-748.7802718118603,890
2.961771848543034,249.91875088114872,489
5.523194333471095,-636.9314873479826,1000
2.9768543916021573,484.64945828395736,339
2.9864084057540152,540.5176906375533,428
2.942802848659668,515.5220274003703,676
2.9713472785345094,487.9377526250185,429
2.9664627142443285,-98.11525670380502,988
2.981372538408948,-506.2030345677566,968
13.78368899050908,-904.700853918339,1000
2.988833156908307,174.54955860475224,462
2.9952816630654477,409.7646776045357,311
2.975245707867647,274.6935852757292,752
2.9750466840171983,495.0138244481911,560
2.9821278443713024,424.76046678550705,354
2.963772472606475,160.89302435082112,732
9.959689115692477,-511.0817541687705,1000
2.9818171506685656,274.15234458776786,636
2.968002124224939,538.63161580101,170
5.7713953401840135,-919.9751773771644,1000
5.480389557553851,-746.4194057810129,1000
4.925834873481259,-475.25959471071707,1000
2.995610691965187,116.8776044975815,857
2.954555228479841,428.8314582380916,568
8.983378033264781,-859.4149366173217,1000
6.049907128452943,-788.799628680913,1000
2.971687202913336,333.7949007693617,460
2.9616782375505752,409.0437728702071,248
2.983917516549057,-323.68367401326327,792
6.146422953070488,-703.1644727934519,1000
2.9774870251174264,329.2901234532924,640
2.965773553538063,320.8705289593914,652
2.997958362581275,457.53825470997486,339
2.9932438398587533,416.1616018046914,851
2.9645261147335766,154.15810541636438,497
2.9361075371541747,12.281392876165796,740
2.989023373507882,27.609627818020613,839
9.406310539023766,-1055.6830384925422,1000
2.9582580207226554,114.71499291434628,818
2.9728918307676513,443.6708960892995,333
12.04330570884796,-1002.2574279552551,1000
2.958925356036597,-616.9657909926636,947
2.985665814240697,528.3641838948502,208
2.9928888544074796,572.8750234603939,426
2.9641936523354038,513.512929501007,289
2.997119359767952,502.8294150205384,659
2.97710833882962,542.6556734014509,714
2.9987853184729505,363.0473495303375,403
2.999487240776542,391.0419231958682,707
4.1478345482754655,-834.367429179577,1000
2.988169185811834,396.8894693120077,498
2.9860120722614645,561.3953357634961,348
13.876323809045894,-903.5045968408007,1000
2.9955763858801343,-566.5788276384812,968
12.478179879353526,-908.2136002056995,1000
2.9870881456287335,153.09967268648626,506
2.9715239064390064,587.4835397662262,391
2.9860906526793833,324.88543264878814,459
10.339208643254077,-1083.039288615918,1000
2.9894358142202,554.2807887280502,368
2.9971670852421877,452.30449304256445,566
4.292484315868496,-404.91663419813483,1000
16.425794058017665,-1281.3692256724123,1000
2.97982788322938,-309.90110535204155,935
2.9956552393801656,141.34887078440846,755
2.955667620468446,86.28128495718789,812
11.58315239891559,-631.6019077608727,1000
2.9557239455651803,423.75925251742495,553
2.997955835256756,-226.73095034741323,953
12.903712474823083,-616.689667829527,1000
7.504749108534409,-993.4567013204022,1000
7.500494095253778,-1034.9689623732625,1000
2.9748538327203047,-301.57630463324824,790
2.9605648285553396,247.21375676612834,688
2.994126489049731,403.5485079252454,236
4.169316418171171,-973.070486549586,1000
2.9950847742613558,303.6439321189654,551
16.19769618199768,-771.5158209318926,1000
7.116972953731619,-802.0347954402251,1000
2.9850116025386706,445.21518835015485,222
2.958645754399465,-233.2234224047171,725
2.9891950217900605,297.85474746157126,751
2.9861513532719703,488.2034522111143,628
2.9943217573784335,-329.7083278022303,869
2.975693611142944,-236.0783877631593,876
2.9154397713916134,370.4832662113255,331
2.977549486746631,-202.06105660589878,669
2.997499474835126,474.588612139761,398
2.989624941092029,-188.67999229365796,671
2.9993720879946495,268.3005468929032,581
2.9759345985088173,424.09410920904486,341
2.973149351711594,230.3311128669796,404
13.729829332711661,-964.1413622620919,1000
2.9760832620061963,476.9172107156876,288
9.935761201436645,-797.3245087855585,1000
2.9591274624006076,101.12865097597103,536
2.989251273800237,404.49811255156806,297
4.9534736271292745,-829.2427236475585,1000
2.9739309199309623,576.2163258713651,230
2.9857685462299,464.46903820390355,493
14.487732627528741,-1019.6735653805614,1000
2.9769295059885454,-642.5656029448503,843
2.9429360075189663,380.72280608647486,600
2.9794266066630146,162.4697685762868,674
2.996949142552215,440.22647099003126,460
13.028972627782588,-1006.9130557785104,1000
2.993374009810301,465.865912182311,434
3.2056348654880904,-695.2402797248103,1000
2.977503102490027,495.47869509502067,367
7.694384011430186,-1221.414746380754,1000
2.9649098196361368,353.43618008790247,667
2.963948286834595,507.97951105949005,549
2.991087654127428,-366.8887390971371,927
2.9888608697244297,583.9296645406307,402
2.9778336171772417,337.50423721495315,544
2.9977732167607014,441.5351679928296,684
15.02514594100493,-824.785300508651,1000
6.475932161571371,-873.546739296894,1000
2.9620327406469,49.498985415249194,695
2.9965031357725236,462.34699029353214,217
2.9944014461256456,140.54675494684375,922
2.9756879811642025,500.9684460323018,114
2.9455877959009062,-286.1223141262426,944
2.9587625336227203,256.6099841300436,501
10.537125698806939,-1150.125015336294,1000
2.9928494310917504,-249.4305209511332,764
2.9704271807727216,439.0275254302244,543
2.9999331044382327,339.62687616274195,781
14.490407187918846,-648.3397906856925,1000
2.989258731224412,387.26603996078717,299
2.9806556080108524,477.52268275692325,633
2.9821828471069183,5.82000246746577,850
2.9763109689583693,172.8305189107985,935
2.991968516074536,540.475746654536,571
7.310880444649105,-705.5906189011639,1000
2.9521897883397394,204.4397954459617,570
22.291088187382357,-1620.6806341020006,1000
2.9959603971013538,435.40299609489017,578
7.654912548342025,-988.0043468008561,1000
2.978087167017739,512.1088676282158,536
15.483884261164178,-1040.495934066396,1000
2.9723519186779748,146.1094208952618,634
2.9471368602707377,439.3696273949928,634
2.9669517827008605,328.1716498752735,716
13.290223599464229,-831.3812022716352,1000
2.9880185895412947,544.5133714857786,420
2.980026703266443,256.67593879169056,437
3.844384916090972,-937.5918207787109,1000
2.9586924729573547,490.38375701486007,388
5.840576806101578,-813.81707352884,1000
10.726823468494432,-1110.6001677348183,1000
9.701054510246408,-507.0129154598643,1000
2.9436762004877597,74.45782661707733,744
2.9557175462133682,-8.596383193816564,873
2.952186944502051,516.2890375722242,187
2.9923928911119697,595.5994461739241,460
2.999258522666299,210.6399903123422,597
14.470175441269758,-1083.3807938844827,1000
2.997298670585514,69.34926049238095,712
2.982294303060237,466.30970489711297,466
2.9808178589105867,375.0724863498156,600
2.9654704265565703,466.97629096807947,325
10.828599859272904,-1085.161984013707,1000
10.886237975569118,-601.633877244367,1000
2.956639395901746,287.7346427702751,515
2.994316813749269,383.3723609134942,143
2.9545876188880116,-439.3551913000422,660
16.090394871610936,-1419.3164857971167,1000
2.9886839335829625,431.7946060747628,594
15.94966180627529,-599.2345703409188,1000
2.9810303711049624,280.59227767886443,800
13.596330320486045,-1154.830176389003,1000
2.9667586334143636,283.8570252603421,869
2.990286932596359,437.8654443252702,247
2.9983974345309563,56.50862140452023,557
2.9941576570422592,75.17020380920616,990
2.9920949331799123,169.12751785964429,709
2.9543390540101533,581.7150749805642,448
11.273238314763605,-973.6511968803061,1000
2.9849225171906695,608.2949674874777,312
10.521237590676073,-798.7409446263539,1000
2.9901998379132695,127.19266899059147,676
2.973327371996226,511.3036455612883,141
2.9960956453033685,426.5210114318444,189
2.9923384983754078,418.34429583512457,262
15.872884922939352,-1010.6565671796074,1000
2.9904579474277573,278.81386800129695,592
2.919308957026507,-569.2128093788772,849
2.9826069282376353,-66.02441542725273,710
2.9791672559028854,543.9379885289613,396
2.996693055951841,253.77896472332418,492
2.9967105566151666,357.2788639023877,699
2.994942288323549,362.98208331297917,464
2.9915663454533052,580.9544768157481,420
2.973474567633306,-202.35586802664227,929
8.734819345755659,-706.8418723017388,1000
3.2568556480662774,-379.6270134773003,1000
2.9848800114737863,-356.0096526855575,872
2.9694316829133105,14.449827810962176,603
2.985688174939255,403.4645037890036,556
2.975047419071678,387.3477938212176,380
2.9897195528454663,451.6079222646863,506
2.983431221422369,472.1674763578819,533
2.9994347475899334,-28.213918914740816,879
2.9157628811243903,581.9214246694269,206
2.9297440352995214,537.5784175348846,383
2.994862874864187,-116.07638499673249,868
2.9647841020072163,30.38072393535259,793
2.9828488850851005,35.75711561498264,991
2.949356037852274,-114.3874551619731,865
2.9619477883095455,432.46029048113365,578
2.998590007557341,145.68543475438906,526
2.985097822859436,532.8616887032824,638
2.9960685881611493,526.9712135689341,404
2.9972190352730848,340.248214302687,334
17.562042721707034,-1429.0482677184048,1000
2.962464297276083,421.1208587820505,432
2.962015751297036,542.0639812548042,332
2.9793214146332,293.7835736162194,572
2.982490603865597,203.03584959030474,249
2.991190223474669,53.75691520572269,682
2.9401621673792806,190.9944677822417,737
2.9889734003305723,-376.62743336366213,546
2.9626862794986764,-270.5374080651151,920
7.8295060514507195,-826.2263329987792,1000
15.77211063518763,-790.1244275048026,1000
2.939869918090637,581.6633806437308,394
2.98860791107087,44.87064501378592,843
4.216274657846057,-688.2242620504732,1000
2.983388483069244,152.60459559558825,579
2.9962052989759047,447.7806198960846,528
2.9836440980329333,562.9487174747038,224
2.9725228609640166,613.7198102239237,429
5.7513421991385725,-743.6200936208121,1000
2.9972727003716675,449.28296121596827,557
9.711471916764438,-1026.740138842208,1000
2.9564720987024855,95.73026104480607,635
13.723440386830006,-1009.9201311467175,1000
2.983717174252454,-4.287895538534713,422
2.978651675447036,228.73080794643704,474
2.976305417174914,-10.189090198617293,803
2.9724275933599524,302.5565231857802,841
2.96862274459227,479.7092725811141,675
4.0292762371032875,-637.8178340335825,1000
7.418226395239108,-640.9187688331732,1000
2.9969297578203675,-41.522972653194415,807
2.9652924620864947,314.8215998897996,440
2.9965747865276295,527.672121873688,500
2.984954791716947,489.17519976142427,303
2.9419435509756044,348.1793543511012,404
2.9958765522172497,500.91517889152954,630
14.036305132286248,-1206.2223949796514,1000
2.989061561733147,528.9261708569662,430
8.266690555492584,-643.0564079937956,1000
2.981295073047371,186.25550118013183,647
5.472015656619258,-1128.8637312693804,1000
12.645009835493829,-924.1518335369376,1000
15.402968294885447,-1076.36921776655,1000
2.978436293957093,330.7386344732993,643
9.884492508281133,-1033.2737072722446,1000
2.93960250791833,478.1924071200546,127
2.9860620281884334,462.32517453533643,429
13.339419428240468,-1073.111634517521,1000
2.980097466099456,155.20619058921824,535
2.9894639017391746,536.4112816977552,497
2.9970424545234966,-441.1488357823407,715
2.9813335953026114,243.9676118957275,554
2.9736445733851813,139.9711360336098,804
2.987260274099029,489.62054588308007,230
2.982495330037084,63.87542901201715,506
2.937102359005462,493.6974454247925,462
2.985482486380347,317.7265166375942,553
2.9584593832567507,453.6270580585302,575
2.966905749187875,460.2705746406099,525
4.557688912702645,-685.2566871794872,1000
2.9793354133409937,438.3495704727752,631
2.9892699308079007,540.9870075898235,439
2.9966477973574706,244.07073984626552,569
2.9888920612381447,572.4368496052718,507
2.990243250600192,405.2311717968337,449
2.999802839911316,231.20442622715564,631
2.9854922268916044,39.46215336477445,721
9.59082932408055,-933.8096487997918,1000
3.0204624960809987,-514.0361842074595,1000
2.9692375830043067,213.0740292072602,755
2.984152976096393,151.4646120400024,733
2.999787625051941,454.26046436943255,480
2.9758614765830074,515.837968869815,603
6.194242482348373,-638.6994902465825,1000
10.725233393062977,-637.4163079415456,1000
2.983446523173341,240.55632551160727,780
2.979128490016273,418.53153509572127,372
2.990713581219696,-259.6366827880935,933
7.406786412176919,-924.0600323066265,1000
2.961487324899044,358.96695624324695,423
10.558176666862218,-1094.9049536438856,1000
2.960127505323156,386.2410387383173,680
2.951826576539898,563.6439030106372,314
14.516093103066643,-1095.8113242374427,1000
2.9986318333400592,-204.51257526736242,806
2.9646398120872153,304.0156886446025,136
2.9644981055333197,261.9723305323272,475
2.9497267403451772,154.03622107491697,963
2.9897778462104974,598.4081059506832,149
2.990246729188514,-208.3651818239938,373
2.9783774269816887,-247.46188099155836,883
4.755217065171673,-1209.2389282100514,1000
11.823381520471694,-1161.7433874513745,1000
2.9864436840132846,388.08164442637275,783
3.4844463863635977,-1221.32987657021,1000
5.386736161741138,-1190.3531299902338,1000
2.9442433759632656,452.15249089146033,747
2.972666830006981,-207.69329355320485,865
2.9768183645111295,504.33799683749226,560
2.957002711535076,265.9359576518651,760
2.949555513210615,463.71242410997706,427
2.9735457210962033,174.05520653033852,547
6.583258953420225,-942.1995046094771,1000
2.9973714364815294,560.4422040730446,377
2.9961659263010674,461.2370800368984,445
2.9770728410006257,493.4868677948063,410
2.997049826255385,-414.6650378914768,852
2.978382683603219,124.23348724894066,541
2.975716572083399,405.9046786531514,563
2.960190303699032,441.4612272906331,239
2.971184777977108,519.1106422629365,409
2.99189387432895,213.0116375092215,928
13.924041016743656,-1567.8389359090097,1000
2.96195569096992,355.14445252270025,475
14.0420115475563,-946.5971231249096,1000
2.9715546550161234,460.2795775655875,487
2.997959140460152,530.550432066989,459
2.9521891448494144,-515.6914166890214,904
2.992277380213498,-56.387393407034665,933
7.118457014913207,-729.467925493328,1000
10.801001671074838,-879.845657181634,1000
6.177224738261476,-722.0630644145565,1000
2.9671958608337374,224.03387286442052,424
4.711834837748641,-1217.3078422077836,1000
2.990278372380267,471.3764454090093,571
2.968685749774563,58.68449078227121,902
16.92217314335414,-1211.1527052909655,1000
5.809029056089762,-1170.5390534784513,1000
2.9884566041266347,-94.92280287869505,997
8.505840210942006,-965.6408146799777,1000
6.925904745130816,-887.7932749191308,1000
2.989601500352158,498.8430340394863,486
2.9210950615591162,350.3547820102144,432
2.9766042354955804,530.8304160171984,443
2.969642560611363,497.745115812351,468
2.982179786614397,186.14698337059644,724
2.9819065068500206,418.48343334652674,600
2.988460825762877,304.78258016309593,470
2.9742301002637825,510.48501129555683,532
2.970383472373043,-145.02992481235935,933
2.9619712955781017,525.4337677055892,471
2.9679612630722136,378.2948784765984,420
2.9256226876179685,431.3436987030745,505
2.9854471388170833,368.1666228257726,436
2.9837798756670324,294.95343365377346,380
2.975831354298639,262.8424188586638,373
2.9985953537951384,507.6143696510103,635
2.9995380745707543,394.82819820941666,498
2.958018356291477,14.749358996694298,815
2.9601546501574254,579.1014004875549,392
2.9762817147638465,371.98712702781165,575
2.9747220280919824,154.6288380157099,798
2.957410855067013,348.6083050446491,425
2.9854720166114905,-252.0002466629494,850
2.9970188452785753,24.656320224205615,605
2.989069768435852,450.91270415989845,223
2.9797106587509816,-449.19479713937994,937
2.9791130088440725,559.215206608219,451
2.9980835813516706,297.5916132043616,712
2.973110827591446,517.4881773256946,417
2.9959514383009673,419.9379009134582,506
15.606155667270917,-1166.5666061677732,1000
2.9829381891677023,366.22200562290897,451
2.984377550849359,260.4426152917364,729
2.972308116305574,122.58418453079832,630
2.9928397373123805,513.9537196036985,276
16.485099716026845,-1113.9260247683815,1000
4.257430692738853,-482.57229214606707,1000
2.9848774803737013,423.7466646407279,650
2.9505661677848183,458.9195376690441,687
2.961354848461014,552.4036265868823,447
2.959655539026863,586.5898022351488,358
2.9870786742947555,495.4417961684538,599
2.9946697648903635,504.80887194318416,497
9.64715249865339,-782.633415757626,1000
2.9807832513634414,573.3231515826953,396
2.98349172823006,533.0556799718087,434
11.049291595244407,-846.827164457793,1000
2.953233953980307,16.558350198932374,618
15.228493774891962,-1172.70979684929,1000
2.9866203129837134,240.0776882097092,749
5.356905938671035,-650.7725861705354,1000
2.9757291894456093,316.03243399288726,693
8.28563005578,-561.4789414679535,1000
5.707184692628216,-603.6464625560652,1000
15.951965660743166,-843.4076644967134,1000
7.624584716413987,-647.3548855277089,1000
2.98244887080963,543.5087574442312,331
2.972343610050057,588.5109762991455,350
16.05109457129938,-806.9781673328363,1000
9.888939371832699,-1131.3494257553466,1000
12.841382685604358,-955.5252328531221,1000
2.981018956968793,85.02717275658233,927
2.9969559976784863,496.86312157383173,513
2.9907353290171335,370.8646986225921,202
2.9569119231135557,378.0853223198692,668
15.57971802866738,-980.1051886363521,1000
2.956572131003367,530.7891280332727,359
11.628358570447409,-1396.7740920339204,1000
6.508256276197053,-521.2491764193139,1000
13.52351289120095,-790.6808974563694,1000
2.981109478772499,249.28160818873275,622
2.974976436195585,453.62777646771787,49
2.962874034753948,278.36302211299693,824
2.9672582807258343,203.2008912253956,736
2.9973378733397404,527.9583060546089,155
2.9800202814396344,-243.72842531352626,782
2.9752261622864924,416.4254266911133,638
13.23314128924373,-1187.3808649267548,1000
2.97817857743637,261.14529438262446,514
2.956367572973852,441.02241193725683,723
12.860379784731748,-1089.1189257417527,1000
2.9502047532848246,107.79733001437643,598
5.525991007073908,-975.8293098412713,1000
2.986885701922056,197.28642200761004,707
14.264354852152753,-925.0082584278907,1000
2.99530416911795,289.55585334152534,692
2.9989078749671587,380.75647013235505,187
2.9751073978206417,-240.3862669107798,670
2.97308816828785,633.575352299748,347
9.62860420333556,-1153.284379421283,1000
8.317882546767864,-1199.7066855457654,1000
16.87346730477712,-844.2213101994261,1000
2.9984866013486653,531.720013989933,430
8.797748845619795,-649.7132490600299,1000
2.9698830833823786,486.2058037814157,315
2.9756173001024715,301.2392211617481,501
2.9705338558967327,544.8576227804374,411
2.971959853408447,363.31663183295825,895
2.970038393889237,386.53116343369976,697
14.416117577288935,-953.504642242121,1000
2.998371171089933,523.3006045838941,452
2.9971058082507778,246.18064101387796,829
5.999207429358878,-1109.7927276095672,1000
9.196761430805951,-877.7117879121951,1000
2.9757374399051364,406.46016806647657,644
2.9827182629304274,493.9975839996948,180
2.935604121189046,-280.39638382971054,892
2.9597863780126055,499.49859423204515,533
2.966727425533675,85.5578107791572,410
2.9937513739744097,513.850195967067,718
2.9655061828877303,-71.50388088477848,761
2.9709415783693878,455.1853404185358,549
2.946435459046945,478.95870978289645,459
2.994866470803969,434.0407473677106,474
3.4348969659983952,-699.3377644699794,1000
2.9815720008741016,443.25787160318004,456
2.9480028160410585,623.5670564110858,503
2.9688473840284293,-330.6651506023021,995
11.217630676542463,-994.5078418882804,1000
2.9617882349381404,295.8273211255655,267
2.9619076194532847,353.3225229126467,740
2.997081083182606,245.1006960887877,426
2.993772367717661,167.01564956497322,446
9.016283639336674,-1475.175539267468,1000
2.996395463325539,528.7361522877094,274
2.975703219834007,167.80963925324517,901
3.197889533423073,-785.0855773797498,1000
2.9693583431786905,370.55257845488296,408
2.9834433758436716,474.61158876557977,199
2.9949053079617287,7.4028579273413015,786
10.55313992421632,-1022.1106696862821,1000
2.9857088721327125,345.60232006313066,782
2.9888789408374503,471.6381211242468,741
3.9916378987830416,-711.2521498319978,1000
2.9395407271167358,507.3127952204585,467
2.9993029293564724,412.4169896497331,314
2.9945369564828423,312.72335449552224,561
2.956959421650073,452.8005157633917,366
14.52571006766299,-883.3544606641559,1000
2.955059643056312,509.29835862893844,292
5.962605153299147,-850.9598367398704,1000
13.09571110197569,-937.0632566395625,1000
6.47901716289507,-668.5004758566956,573
2.9704876550647947,445.0210124442358,450
2.9829081302293217,519.6117115641964,523
2.9926710909219794,-23.824957858670928,768
2.9792158355476746,188.93700803846053,655
2.9995252287525807,453.0255171494141,686
5.117489671900781,-682.5313805243849,1000
2.9923060157210637,211.5478033727212,874
2.9976161918998137,-366.78988108954866,862
2.971331391636341,340.333213081164,285
2.9785480054706985,332.1157424143569,585
2.9692504374611524,68.70220627483195,797
2.9728174300675296,499.9962174695321,504
14.379622081013013,-1274.4921097776166,1000
3.7601284318704504,-578.92754374954,1000
15.783810312994746,-831.3326601417689,1000
5.04439955112804,-293.2764157809878,1000
2.9736018764568417,597.6090950495509,340
2.9730861236108757,413.8819904276401,484
10.399913615889382,-975.1196289146965,1000
12.572076216829865,-947.481249997525,1000
2.980439820967488,271.1217431177905,697
2.976497598795461,62.71686067668179,890
9.876064918263465,-1073.6710284510852,1000
2.9861035638423767,270.15781318742495,705
2.9726269828830776,-42.60220725232648,641
2.997767921263383,349.89925674801583,470
2.970782241034076,-382.6657498183039,958
2.989795218384862,452.47598651336466,341
2.981855146820947,474.88869350030984,105
2.9993282293137855,-53.812124635730015,660
2.9914524022339357,688.6690152659651,526
2.9835239942540777,-33.14263178702936,933
5.333649319302931,-664.2214828390513,1000
7.636326146391923,-1056.292866767873,1000
2.968816708128261,518.1779385905996,204
2.9613623040991777,-159.36069362384387,955
2.9732515524434238,489.71130328763354,367
2.9839269858025816,460.20495380811144,535
2.989948046526089,526.9309847280895,558
2.978000473195637,59.61646843921818,933
2.9883169208568465,347.5444947081163,520
2.938343781131284,320.54507470462954,584
2.9860914303097146,553.7448203915528,452
2.9986621707294,236.36936376209167,852
2.976666140938753,616.7229472256741,419
2.9831492155592767,-22.823277030472354,446
2.9638137014610697,227.83685233637004,593
13.036105725632982,-798.5330843357825,1000
2.993304023520876,441.3339324681656,507
2.9609114938620955,320.0644402218253,698
2.9899619981123666,530.208990418044,396
15.297186800095202,-1189.5132610038568,1000
6.381439696858725,-641.5200765602646,1000
2.96809580255465,381.9674154310911,348
2.9786972200352784,488.894161446642,626
2.989394799892141,489.54135195619835,212
2.990152115784504,471.97905702857673,19
16.258637540848188,-753.6171696933197,1000
2.99040798787364,354.94466087560437,191
2.990791510101859,461.358068715961,254
2.994799412809562,139.39493466111406,629
2.975482219599796,250.89171553218702,813
2.9934883749877694,481.58603149820624,347
8.171574820629054,-486.60049585998576,1000
2.9713361628931168,292.94047866366407,523
2.994820082973068,447.8076509071711,432
2.958102250916155,507.30478996348086,374
2.992769737387874,555.0375001427907,639
2.9851017255511727,132.95883481418963,917
2.955759258872087,384.3183189157065,475
2.963935673586617,-55.40157646685134,990
2.9993284987609807,-113.82948807223534,956
2.974428547404498,421.7716969503809,195
2.9871036027848947,119.82669614502612,694
2.963605338862124,-76.09615552859736,733
2.995688390825249,443.0475021495761,598
3.1588931664924753,-504.4781905474786,1000
2.9665108327640235,522.4303459585515,426
2.9895652045412864,584.843966729546,380
2.9816966304725825,607.869259513035,403
9.089564543653276,-752.66459277511,1000
2.999346302314421,476.8238870494465,516
2.9919238679089024,444.1256660140626,505
2.972023439155925,421.4290769684717,643
2.9929057550125373,295.364532612541,550
2.992027647165285,413.3472715826891,409
2.9857616143150265,532.2408863254786,290
8.383915961381081,-1055.8764656011494,1000
5.126951363435833,-806.3782097264207,1000
2.9935956141204216,473.1087828861293,648
2.9426511701574123,547.1159654106882,297
2.9667693176348173,237.22822450298463,385
4.295502926772375,-348.9696743190777,1000
2.975190455565021,414.4128247717766,280
3.1007868993425056,-801.1693132382939,1000
2.972309385620105,159.6390024013745,805
12.099046198567423,-1114.0464587104752,1000
2.990127927680876,498.67095785660587,512
2.9797077194241472,531.3111963669261,489
7.6277530945249215,-863.9265561296379,1000
6.207125540818589,-903.9287974315077,1000
2.9928778127374587,584.1536801208217,669
3.704513735816518,-941.3959888327848,1000
2.986106017399022,496.68609995417006,108
7.385560661084388,-1024.3589135451375,1000
2.988106677997433,586.3857105513475,231
2.965502684357925,524.9472894369321,306
2.9931882350890002,54.03840257703348,874
2.9662382855060088,60.622700135857485,504
2.966610623000023,329.00029255972834,561
2.999315623727102,-214.53343705212922,780
2.985707075699482,409.68818353716523,756
4.951642961617038,-880.3401565331086,1000
2.9798507569982333,442.09181712036025,510
2.997540738399734,372.3473203034014,626
2.9631521358116486,326.1803851748177,677
2.998204024855852,292.6166489405541,703
2.9938930769990786,51.099920140692575,943
12.57732210522149,-1218.554837059417,1000
8.719951451304043,-650.5941587641062,1000
2.997054381494658,-60.69123845433285,687
2.993081515969132,-197.99541055785187,741
4.215052134578183,-437.97920639741756,1000
2.9878306592331554,314.2168477554566,445
13.156306329520287,-1028.364299289834,1000
2.978288288064677,204.43455256850785,564
2.988924267028529,368.83901164260084,270
2.9991426301765243,97.24211577467304,643
2.988701702074699,406.07475659051585,446
2.9623796433890446,109.81081808075993,617
2.979657141833131,-143.9029865102616,889
2.973103659969749,530.1692959944206,479
2.9750871198321267,388.2336646603116,670
2.994247017211334,409.59564013502154,565
2.9614404796048786,587.6809305672369,200
4.260903864989532,-568.0684929417187,1000
7.666711739860663,-500.7814523829494,1000
2.998892968550488,631.0817395480623,399
2.9843406251443363,128.57716586470184,635
2.9639254193195486,529.4263898760742,381
2.962336629814015,624.4992670182993,528
11.977646246763737,-991.3975280248748,1000
17.584572021002995,-1005.1434206155274,1000
2.9922672110350073,-132.05361954417242,804
2.9660679624507105,300.8454486116492,765
2.9934158191348894,423.25828309589514,258
2.97763854725407,504.76404204765504,251
13.861692053068587,-648.9390192096934,1000
2.966393637337618,644.4359237706517,449
2.9938915279562335,549.4616933256324,473
2.984511286455745,-352.1720421457021,831
2.968655258810612,471.3654997422159,72
2.9613610047684533,622.1947324357246,552
2.975865675170686,509.3643463269609,306
2.975830361608702,515.5903474437683,553
2.9355817212172037,493.140431602835,735
3.0500569898727696,-608.0047371416899,1000
2.9824846077116605,415.7538352620444,557
9.270132653323383,-578.9762859289829,1000
10.341263740272684,-977.2909740413025,1000
16.01217421952688,-719.1733772913063,1000
2.9329824857257685,386.7273539539551,501
2.9721217231627723,235.8829790847264,277
2.9935064108995895,614.3520639806555,358
2.993892130857401,-233.725410551491,930
4.584208804836968,-979.545394645309,1000
12.93536920860059,-1050.0975686397303,1000
2.9448385660221055,409.96651839406,503
4.615809209396776,-993.4700831339107,1000
2.9414891572743533,435.2159837443827,520
2.971293260782505,372.19286791461104,585
2.9869892570199803,254.91280351736881,593
2.998298119194569,447.0884981374168,371
2.9740324348601535,289.3561033907617,437
2.96599840614733,440.4269135723437,708
2.9960964715450733,481.3743269298655,477
2.9632003192470244,224.2847295289751,466
2.9995694331803544,530.2228143342996,272
10.911855065364803,-939.4160275702311,1000
2.9654240846243445,-90.0009379528401,743
2.996669791878083,-59.62626213798421,957
2.9647417153892097,-244.41528141717595,956
2.988778469745075,133.23014262033178,576
2.994101611101741,312.3889236044507,769
14.32449922329692,-747.5223547672382,1000
2.988963924102584,476.70373473339095,496
2.9867428263386975,558.1721353981305,276
2.984784901978738,367.5587526884968,411
2.979176401212187,-147.1906363666552,923
2.97909696765283,520.5061377700437,574
2.997650433699822,261.337660033784,546
2.9503681605358816,39.84046555325426,646
2.958477353077465,579.5190610720364,531
2.9492355749588643,550.524514950157,207
2.939434768398007,587.1019849088401,607
2.9667086485000653,430.8503297806104,468
2.987758081704067,622.7941740175758,537
2.992547949923261,225.24357872838527,200
2.9988641927762587,486.81428061058074,410
6.14970167165344,-837.9586611569953,1000
5.804884143906825,-583.0463117776482,1000
2.9690096150330207,458.1711052941619,646
2.998278614657815,111.44982683620941,546
14.220976734959615,-962.6821973704871,1000
8.606220987625802,-908.6798988024802,1000
6.984705640776118,-802.5518551355332,1000
2.9984799642856284,425.65352691624287,413
2.9876341834696416,319.40324192640327,537
2.9760377196251326,389.93110728794335,812
15.88191016356549,-1045.8858183333393,1000
2.9902475065435072,368.23571902104254,525
