19.74764127022607,1874.739322567906
25.86820948449733,331.69744216364296
5.266099926327094,13518.525604593275
44.90073679127465,-5383.456756283713
28.571444717444855,-1710.2897234263908
27.558504950248505,-178.3262368476761
50.25167615698339,-4845.189943880817
18.33835613938921,4181.514096030231
42.669458522544616,-4493.745825826497
17.87769483081335,1878.2015875010386
30.15317925856041,-1169.7641608100419
32.38314005665556,-2107.2837038520984
46.94386331555641,-3835.653024018759
17.447270546373918,758.9906146685764
38.233844940202836,-2783.63434836986
2.9991564844507215,4332.019285770824
26.25795491186283,-468.575879618976
17.860441098442614,4083.0269483548323
32.23433601319761,-886.3762107147243
14.92142452228986,3871.837046295597
34.34835006018146,-1763.445395119389
23.745865062899146,1055.4794174606452
15.606283174990677,5358.66024750166
14.368461351825555,2546.868642013102
19.99431264044613,3080.3361020393113
19.3876723584646,2734.182882422166
19.395933676841114,3779.9392610427926
25.910596415967845,2172.5978606518834
10.92602948122012,7921.493990887252
8.771531502912758,6672.014817600949
10.308374300529078,7757.935379536443
10.893018920988577,9997.726155429458
9.083172262971175,8412.396608188996
11.71754080975977,9825.437501475757
11.088923094875145,10167.069305321242
15.785395891781056,935.9869908852329
6.458854001200652,9560.222172547168
7.5795220148720235,10749.28551285167
3.3459246802785096,13537.660995687127
7.951136092179564,9158.973797209675
9.590157753816175,10821.157707924416
26.96923881634428,-2816.097041210901
7.866150560426892,11266.215268999327
17.186191381460837,5071.129808489498
7.1410363403299835,9431.614039730379
9.896717910597742,9165.229931689699
5.244062207954608,13825.038545333591
48.47952719632229,-2676.53285280708
15.136542367598665,5833.849164843727
14.369662476104025,4219.391682447759
24.157602762191303,3461.116145174438
2.9801041692774866,15484.919749207947
2.9941006169697886,5541.901636064338
2.9861975026853886,14041.586775813366
37.39928410980028,-3548.411921730256
3.8215814912475885,14082.964542318428
2.971486974479858,15020.73544743996
21.794484096283146,1936.506641969883
2.965794982672262,11507.632421321503
7.481158282857109,11266.733289421772
2.9844632936633446,15871.989926175347
4.067011129462105,14000.700348466451
2.9829033667980935,10089.36247581843
2.9932915535151676,10441.279131913545
2.9663872250228547,14183.302037824607
4.818952541101582,14801.411978000677
8.585694428835527,9382.887239389996
28.031208619953432,1070.2292790140896
2.9587336146749146,11650.114090923667
3.6092446458685923,14267.007570609368
2.987416401494018,14528.242178508202
2.971358928101105,9514.817799569884
30.607572298981434,1249.798319628368
2.949825068197526,14871.399401825733
2.985624257740357,13342.251282831183
2.980505662990312,10476.33435689109
2.9814330007023124,3284.4316969223823
11.273600563983093,7500.732202536039
2.9601981246082087,13710.327660364295
2.990025666819461,13655.089172272797
2.998584537800789,5381.902996346948
2.9827946789613247,8380.952628648223
2.991496165978428,12652.06953361645
5.227379483497809,13658.83506763971
2.981042985057093,12518.464665655754
23.378896484053637,2385.25899190603
2.958580610121755,10701.112981578159
13.47605010845539,6282.08992667516
2.9987664386899544,11516.444773402007
2.994493772634305,12368.535874432528
15.312941644526575,6245.91020466488
3.692798115432022,12215.947074998641
19.50011531649522,3781.7035145126492
2.9858697773555662,13541.721570482341
2.9687354811638076,5073.74052635418
24.199567003063592,-251.02513963527662
5.1464019867738475,12336.279084846527
12.487354754959643,8583.130333498615
2.9747921656430516,12103.343559497489
2.9888238942999226,8721.382772049958
44.00049249001484,-3767.68656689925
3.532142806009765,13165.45441974198
2.9824239926556086,14016.271129288756
2.997273607001779,15062.280465154954
18.838028955886866,4102.588310088555
13.14761500372686,6809.270273774611
2.9873408980878566,13353.331749565328
2.9883301767900714,10527.470501258294
2.9925254926364926,15486.875585996764
2.9657169743515404,6545.694573991301
17.368040664904633,3407.958606711035
2.9469819626490716,11138.053765347646
15.144696696979022,4328.1201440221885
4.327273266267377,14245.706671892302
2.957684952194431,7341.203434727981
3.3073643740828333,9731.505953819273
2.987753572782063,9488.434596319577
2.993372070999281,8768.233946493672
3.314270477220953,15037.15108475439
2.957551531282584,10446.107483828917
3.4693305607085487,12505.04914422507
2.9736641367548815,13469.86417420289
2.991746536456404,5978.248619925105
2.983419415138257,8305.595221972486
2.989463482835092,12095.712171630666
2.990178652382775,12535.087578986719
2.9841398776978827,10599.350499741891
5.078299382166953,13425.155329944251
2.991501085339883,13573.324676091808
3.096481989416294,10009.706639463964
2.98957145314774,8720.22430910984
4.737632904793439,7840.941274612822
2.976938546660721,9962.991081100285
2.997335519324126,10001.88244161181
2.9756664989723403,10056.16715959818
2.9737256772678804,11873.293717279237
2.9860166089008993,13160.586677981373
2.971568598341428,12689.367017651946
2.965110487913587,12547.220825033757
2.9654316691264815,9689.559096402952
2.9919795497037325,9048.301138785222
2.995678352259587,13414.94470306227
2.963505783515637,6815.276310000986
2.9924307872123257,10690.106626416851
2.9659305700904155,11779.391903743635
2.9684336703056995,10643.126751081427
2.988895624520595,10817.406543996569
11.210206164705083,3299.899415436202
2.9756658696454874,9923.295208991609
2.9953791414470614,9894.833726699371
2.954405446955015,11319.642371134838
2.9753381514363086,13705.827233972446
2.953316180203413,3706.525293702896
2.9612793711419427,12744.285227022876
2.9647284117406207,13480.031139242146
2.992219830274444,9293.066328708877
9.891083518089385,6469.371671283244
2.9982798211913217,10768.513015228988
2.98067634414025,10761.54040414613
2.9934414709427752,8651.31911002293
2.9911827204121386,14403.594971664292
2.999462559768885,12721.004960675831
2.9694986418609,13891.502858170086
2.995748807289893,9837.88079530306
2.988881682133008,9599.554197153637
2.977736353214981,13571.585267357266
2.967674866819989,10604.039888769601
2.948179215812008,10140.447973064052
2.987306616634217,10829.254609931042
2.975478649209178,9378.81400767049
2.995267963145544,12203.98018447699
2.996882390032311,11354.544820328565
2.9976256448723717,8251.60383747932
6.829903530215324,7407.299341290795
2.967005946166978,12337.29530143069
2.988321693907722,11239.979988369398
2.977251071998778,9461.397456496066
32.96928011888046,-4036.1401298878272
2.977411601353821,14792.305703239048
2.9984424708518636,15890.079300951857
18.25479448097296,1472.9871475517693
2.987685257301094,13526.212194667834
2.981351557194841,13759.18867619573
2.9888448893423507,10686.172052987558
2.9674333836256688,11383.875289792677
46.81197495377457,-881.0147833961862
2.9922331870136354,8551.098512294348
2.936557832466046,12532.273382830095
2.999401455910183,13643.954100247143
2.9896572162827435,10123.486293115227
2.98388827268394,10796.218177359204
2.9867377815526894,13819.67421521106
2.932486792878952,6328.6784737455055
2.9777304431005107,10636.850738210202
2.9945785173454627,12613.193424204634
2.9902879164814093,10171.938473357786
2.972947308641032,11866.589309748286
2.9413481760161693,9781.020050878484
2.969549041531802,9855.90205755468
2.9763590684191623,9492.917574638812
2.991510469037421,8706.599812115759
2.979006610051616,11092.15262828323
2.9812254023874316,13462.071057212628
2.9809839238435116,11666.01530922714
2.9595630297973177,11607.567652664275
2.972256314730158,5163.8427700430475
2.9838574911073397,10762.149539229922
2.969048902974872,7692.541409891272
2.986406621865476,9160.660600825977
2.9996218004625517,11937.682016046343
2.9782430123603176,11445.124283360548
2.9817264693345837,9974.002458997724
2.989833638625736,13584.260530731288
2.9761818308924606,11307.984848610344
2.997307928931322,12328.419703885715
2.9779657987437123,9530.877827426966
2.7968239614188457,10165.123367233293
33.9136393280028,701.660441339044
2.9844707494807157,9060.066721395533
1.974806115087609,8117.461674692082
2.9626516403120573,9678.85426861736
2.9985236763361667,13192.128837852882
2.9895338385626506,9003.822788917796
2.9889638454863574,11021.60398149696
2.995197337757849,9595.081645767252
2.9909993080180213,8041.3795352168245
2.9792069254029885,13668.20566245608
2.969765554468611,8720.820007496006
2.9920520876460768,12634.620032850728
2.9462809556585055,8798.481869791112
2.986922737691893,10430.652547773285
2.9896033299312994,11074.602624388765
2.981006865717094,12211.788788752487
2.996206904997895,13360.593565132765
21.57918900105978,2179.1177977090083
2.9960978145971047,9401.012736558569
2.991493818008542,9037.396242393726
2.9826123767777872,12329.976400987907
2.994953461597965,10473.074866006378
2.1318367383793646,6108.59479812976
2.9970375333023775,12045.089753832306
2.9522586834200903,12655.96489606365
2.9861340782819092,11940.34245541828
2.991135702577004,10285.55404766085
2.9923831821942253,11241.743964418842
2.9926178540491564,10679.136496297793
2.9808383486935908,14716.661181856467
2.9836179624493875,9020.08497339533
5.535941101943987,6587.344640497155
32.86473732337812,2.60060803275951
2.9677897777001583,11699.612694988986
2.9848498711973295,10336.325380945005
2.980746016721501,5265.640224545783
2.965497944095647,13527.092974374229
2.978206344242176,11642.073267329191
2.9970518349475053,11321.744931817213
2.998754482719072,10326.748770986414
2.9856213394593336,4018.938313569097
2.9493456453807965,10526.517145349102
2.998570247210997,12641.981321096011
2.976927240126671,5472.125488588521
2.997908126050543,9540.718239666441
2.9872600072861406,13952.067748266893
2.984551964200076,9906.592600847765
2.9835182281370414,7704.274932841536
2.973555538394255,5581.135217365939
2.9820174946349685,10686.092155863838
2.9911557330370844,7430.978920952963
2.981119764861572,11573.488868775436
2.9991893472662534,11762.221065126318
2.9722767388470515,11117.573399222294
2.981481640852797,7767.932739854771
2.9554533665025384,7219.6957563584265
2.991325243329374,8079.357652705842
2.9840119084389007,12491.658708689483
2.979653817702955,9117.354953571852
2.9981669256022148,9111.754124275269
2.9807832862201846,8237.074653126218
2.9850556734003444,14394.151958460696
2.9451860635839195,9316.461435923062
2.970624355837081,9940.645302524339
2.065661554381457,500.0
2.9356934044251624,10647.754977762117
2.9933928304546784,12826.699176777518
2.9811203788996954,9631.838450361125
2.9820466484778505,9809.860288693593
2.9837513509459455,7994.314148552157
2.996626121124813,9871.10439813072
3.57001833320458,10854.587243319598
2.986697048673069,10720.50685492907
2.996482067154066,11656.807582745061
2.95958492819789,10191.780599446092
2.9767023852150203,8841.138545824759
2.9907795256792693,8571.36564173012
2.9543577510047796,10817.676895956285
2.9995147892857763,10402.858211181574
2.998181489787817,11790.23758044904
2.9900488866459067,9889.403706906765
2.967534379623024,13244.979877482374
2.9919481490016206,7525.7178140400465
2.9645554801869722,7191.706242618484
2.954329288027328,8983.518982797
2.9860605139330985,7803.436521797115
2.9706609239298127,5406.478665910115
2.9983687756985424,13613.482128157073
2.978067347994817,8967.494246910828
2.9990589617081342,9518.531571700829
2.9627546165281533,9677.169316147038
2.985255023848752,12151.311152178136
2.980131234106812,10565.301614338041
2.9937729907553057,11765.101805441978
2.969193432520356,10472.548395444592
2.9899808362961546,11509.065775090268
2.9829481359882015,10715.610075836243
2.9928172331905802,9603.793072990375
2.99109832812298,10348.11153603686
3.3097738859751016,11797.970068557568
2.9694655651837274,9235.50954540463
2.9909608093318436,9023.98558819021
2.972458096487869,8697.029728204447
2.989604822812415,5055.350082338073
2.9312925410918136,10194.43147264437
2.967563583577407,2588.7556327293323
2.9936924398886333,8493.086753219897
2.9985719785611624,10038.715881551483
2.983272658430003,11360.29318671369
2.993353966726129,9225.657528890306
2.958036723799382,10205.152480817937
2.970405415882729,9181.575323987154
2.978256692440216,10629.044790845533
2.9991846938830165,7544.873668089434
2.9635368705197367,8459.461112873374
6.895539089439092,4507.7522705640995
2.2527897837760165,9795.171173122604
2.9458862546071685,10412.782708719084
2.9819425578117844,8262.111043163222
2.9959424162904167,9372.351113972723
2.9963165194884565,9812.821718512527
53.38898863776929,-2375.304882750798
2.9634008724025467,11409.640017296886
2.976791047677547,11718.58907923089
2.9713980366952644,11337.543715430775
2.9762071317731245,8896.280527504316
4.24433956149852,8550.495148964817
2.9824140874548606,10172.619129383751
17.907321741800217,2007.6874098391204
2.9903401846245647,12705.555087542183
2.966477771774402,11141.520449515929
22.414027917167346,1838.0071544670634
2.9695046828268,12180.074994651752
30.229462669582226,-840.7904220896163
3.8233690509097094,10690.085334394236
2.9786846440616754,9542.349332320202
2.961551260044358,10526.001765954064
6.384724479492488,6175.169055590439
2.997075990629099,9774.724124553337
2.9913340949944622,11517.302302051214
2.9522652088154167,8006.546200138753
2.9924186654058436,6925.891525292735
5.248434487270584,6957.008201670231
2.9891005957118044,11683.052414258296
2.971175236295349,9291.859380428883
31.704154444351552,-101.98249719320165
2.9889645099800046,14373.896930384066
2.9957591677012085,10355.988580536248
2.993416044795226,9546.904295996621
2.987851739226429,10948.550640107065
12.914373418066914,4916.700620400347
2.9813842535941886,7092.733944844378
2.9929216545726147,11774.952174576365
15.116153274696423,5390.9864159207145
13.262272737203846,3777.9088454956964
2.936208782368568,7516.543424600732
2.9835341138366087,9123.444439947585
2.974581755835832,4546.4901690192255
2.992656915565223,10367.018147069326
2.9665405626546164,7911.547981513089
2.981842958440076,10379.924761844644
2.9597380253244654,10351.356007286548
2.996202136204662,11595.89072716154
2.986831095984661,9591.676378849485
2.9623088556065955,8268.590089287587
2.9893557865381584,11982.316915152216
2.9991691952194612,9386.526370834554
2.998048011885225,9033.847812785423
2.944942031986385,11399.647441377329
2.9856556256620084,7456.103945748929
2.9922468306707435,6613.019632601657
2.989442310186663,7246.275065087312
2.986456455301972,6671.907010455793
2.9804120011014383,8045.448107185508
2.99018803594736,13143.292709090243
2.987034801131892,6724.893099773663
2.964259014178201,13085.738756529285
2.9999945533552363,11642.350194037603
2.992099365086057,10294.249510270776
2.990176696141403,11517.20102204352
2.9573965325011047,12261.904657615381
2.9458341306271874,7512.469085794216
2.9971829935394316,10738.84822091844
2.9613103310531668,11170.230104408269
3.5872164808223634,11101.047202698957
2.9996110625430643,6762.573758570924
2.967394744189499,10650.024321350276
2.9976905806221743,13510.710975929773
2.9958033123051253,13031.049932912943
2.9866941249630754,12709.473424449487
2.989144840680731,6684.550477885985
2.964012540797808,10493.130236871102
2.9410798062193764,8052.478413379582
2.9957315974753724,12511.663880789612
2.9548561538809572,5515.087167444154
2.966803024222955,12521.07417186339
20.3375299330255,1490.672210421854
3.0168243568771986,14984.569841800885
2.976616685748657,12012.693513547847
2.9673422359588297,12634.801089282597
2.9964733150203666,10010.593288127644
12.490663798087613,3446.5277830175337
2.994213116493636,7381.455227442562
2.9999330445118915,11018.006785127525
2.9633971861666044,9651.624920480417
2.9840464152817656,9440.763657583171
2.9764873234866664,9165.178803694787
2.9849359739530863,9163.707612654604
2.984120833833324,11754.107430534825
2.996242592593295,11621.881567571658
2.976394040085559,8708.187684115395
2.9775137945876047,10820.61475102557
2.998788624958106,8440.52818603694
2.9868539092870527,6835.4956924814205
2.9580020020954128,9038.43201334234
2.971827549064172,12465.512117747616
2.978242160419748,8932.05826524806
2.984589867999256,8526.524040792947
2.9912926181063426,7782.42012754074
2.997053499475105,7369.932994860578
2.99939561736037,10546.323472681112
2.9987199725832743,11131.027452187804
2.9803559878856394,12692.531446458031
2.975230407508849,11049.05427233668
7.935613974859979,6628.313183589033
2.9858142175035702,8034.189914751482
2.9972042143227737,10780.55079374494
2.970625473085036,7368.908641371362
2.9901486926422325,12335.454094322928
2.9916542172841174,8383.803689664379
27.22469248147114,2223.60515983363
2.9930050912811295,11809.332859102342
2.9788809492131696,6941.437946013325
2.9916157795383733,8052.208050448359
2.9866897449350605,9576.248455262292
2.995035550478538,9020.381737544316
2.9779609589621705,7830.776590326532
2.9911721822742323,1511.3046317348685
2.986022815797874,2574.3169279084614
2.9733244043229634,10300.594282552587
2.96910901634016,8312.664523641917
2.9768041873339497,12007.297096334776
2.963094518273376,7338.5068872376605
2.9930723006220656,6719.994807192219
2.9775265479858586,4811.444802073427
2.999251503813292,11055.004473646228
6.880254780477331,5540.879240469576
2.9464401359636603,10349.089774402086
5.2478768149711685,6122.152078874991
2.991018385341316,11284.674494132387
2.087140284545102,11758.615589285102
2.996113265522443,10500.671317113442
2.9871011547583164,7867.351604479718
2.9909046610964216,7233.386343206571
2.967053732160671,10500.622992229428
2.98228517889669,5516.950933448351
2.996710984186877,12489.502356963769
2.993964233077266,11380.983082144727
25.266440746035915,1910.0834445580715
2.950004087291226,12499.198381939836
2.9707906098930685,10562.747972791809
2.9954816145467493,11128.622040863418
2.965414667197166,9187.736009074893
2.9451961735631196,9517.155458854591
2.9998469298264094,12675.121449311324
2.947286066035475,4314.076431809283
2.991022659343684,12588.99948589814
2.9878324605134066,11785.258198830756
2.95880779435629,10387.629633315531
2.9940600756038136,11667.920784565424
2.976419266455585,12730.176149639943
2.9955740800119,10045.71914319531
24.36349175502819,-1007.1392851500251
2.9798652813271302,12214.506851802716
2.993159921093142,11735.917697259842
2.988774735020143,8798.762709410988
2.970550925803002,10357.981464659806
2.9515665053553395,11068.211589049188
2.9797173510070727,11730.437560666272
2.986123599221321,10739.688122864081
2.9850706784567604,10035.297413252758
2.987137803734873,11484.860753566092
2.978853362026042,8564.582132515905
2.9856583426687155,8540.212027949332
2.9766397046524613,12767.042601265646
2.6299850345280227,8758.615716847971
2.9907088519370912,6656.3610350706585
2.9946228355015365,10469.650044128333
2.9849724674186455,10800.868667925482
2.981022945163276,8115.491501525049
2.944054435047648,9301.444434237179
2.98720185970317,7979.368110669268
2.94575997145557,10737.641185545843
2.9874719734261546,9818.01285652518
2.9939919142746954,10323.9148554785
2.957590227857836,11390.416595759665
2.994148362218931,8930.826018233249
2.9969176780662297,11549.296412197247
2.9919370072636235,11910.190692509854
2.9726089063947083,12908.906208254928
2.987238888443537,9507.477234582862
2.9672809173611285,10063.468215775034
2.9821883801263818,13190.160646437665
2.9794902039178193,10893.510624123166
2.9902803287062425,9088.83935167616
2.961396657751458,4920.755292926026
2.9684932661385877,10023.443092984391
2.9990768812448105,10354.585176662606
7.755392069340079,5818.486088156918
3.1726768752950427,7221.622750087148
2.9906908856085077,10219.018265969078
2.9946908177075326,8679.331503617163
2.9982435218487233,11690.63252872236
2.963134790774342,11636.973903201959
2.979530713985769,10448.00737536688
2.9837164355380876,10892.272645742067
2.9934332414640936,8952.155540099046
2.9946109402297774,10546.166859370662
2.991092495084835,6862.405832983781
4.685531039084628,7599.495521236375
2.9531598744009178,11755.182885697634
2.9758477995481107,10519.633099868888
2.9785712016999466,12565.696568840583
2.9933304898795647,11602.893089341449
2.97802980497852,8261.516578210052
2.968078386958487,10819.224009905456
2.989932237443781,8800.822707867726
2.9669155644637595,9064.614029472317
2.968073116442217,11529.350585624681
2.980604832072589,9612.902238368079
2.9969091602608415,9102.125433327676
2.976823347866634,11489.962433233362
2.995456262841933,5844.51656041252
2.987915870107056,11482.932627439004
2.966796456147008,8308.052934625088
2.997892013143185,8230.589480979012
2.9883036556482936,12371.629623204235
2.9890418156709186,10216.915641234928
2.98035842163204,11840.138794798888
2.9856486231015116,11841.696075225773
2.999554250272846,4863.6236942925625
2.970998620842468,11051.90466097111
2.9656197980086616,7755.369932968028
2.9941794297513598,13578.78116386907
2.992196667381782,10668.032558432416
2.9912665354676125,5540.006944966454
2.9959821596060974,9189.121217256803
2.940086482630813,8725.990966481813
2.9752076591096537,12225.836519079716
2.990524102749584,9692.676096262388
2.987228944874016,9140.264013046704
2.9934651831596018,12063.784754822189
2.943515927995283,9211.017048884321
2.9934897041028377,9651.97810630512
2.9882399371155257,10015.046188063448
2.986942638425033,8138.877822650119
2.99698098170851,12609.231793095934
2.995393182121684,11671.614177605341
2.94935914001571,8245.934794177538
2.996624097664106,10186.038362918604
2.9888995917763523,11574.695460219002
2.991522503907274,11690.727500792756
2.972515320184393,7522.5734687246395
2.9989542462650642,12893.964120103306
2.9709116296053693,12117.679843571326
2.9962826023197673,9969.744038719293
2.9923020247223766,9995.336502298198
2.999676779339246,11978.79563243938
2.969932308404969,9429.271611087894
2.9946002919226,12205.33108450374
2.986538298128961,11536.500995542587
2.997783994613628,5249.221207903891
2.984091103263535,9740.597549219909
2.9540420188836145,12393.357657492772
2.9986507984560133,10086.780836785474
2.9854053439404424,9566.414888882753
2.9959624579676305,11084.84849579251
2.9813768618382963,7689.342158568536
2.998669831946804,10368.450801150748
2.9799002034260647,12179.524008838278
2.97439467526961,11766.017366099173
15.454010146043878,2702.04498606752
2.9887158127405242,11228.757409835525
2.988124068019254,8839.643107342827
2.9843899125100735,10948.936811189731
2.968313627246074,11500.260755360296
2.9746395377238657,11908.22728033819
2.997930046374742,10646.153542375592
2.993215454490468,11305.444546956262
2.981555126590022,8981.761554722947
2.969738215569569,7633.07558500155
2.998117985776915,9558.656761616732
2.9736185739167422,6258.788720532761
2.989807888644349,9877.696513539559
2.9882507257994964,10157.88485153766
2.994631425960708,3963.9515772345026
2.9881153250901957,9498.495802450248
2.9807068808150063,10347.087576238313
2.9797339303744805,8603.876883614406
2.9853556949369167,7845.701143018604
2.9666074052456346,4724.931293827652
2.999357471380407,13544.186337475448
2.987350055924313,10844.370074610535
2.943012085180553,10004.428144258323
2.9927763680158983,6372.849089826902
2.997932192038389,8238.505736634146
2.9712462370281942,8572.15252658289
2.9755061065858155,8903.693491970176
2.999456456258798,8634.699982253342
2.985489630117086,11044.698954949108
2.9915866683203465,7416.036727806921
2.992780489790604,10830.266011743002
2.963090788884321,10765.967485541218
2.9954027421794835,3931.3995132698537
2.969869863812538,11481.47589314177
2.995885313338036,4193.394356877568
2.946723908226027,12221.811436299657
2.9938465109070647,9903.56730169941
2.989994579444338,11303.962343219118
2.9784711938065125,9981.978975162445
2.9904154493680055,9885.126859480204
2.983957236792023,9623.200820082597
2.6728999549478565,12193.809960874523
2.985272326482152,6843.293125377954
2.977110280522641,11914.158996026248
2.9884832593589445,11592.105599385215
2.981175794304232,11629.025988896214
2.991216582380072,10509.2217404501
2.948187194856346,11989.087405278766
2.993306363090187,12782.050344633111
2.9881573734311417,7904.860510826853
2.9549588413304644,11546.902926382229
2.986107462862625,8029.505501590171
2.9971862262938154,7601.60240912416
2.9980881080125723,11376.510035857113
2.995932072188431,8311.875494503289
2.9702953537986216,9726.445605731367
2.9929720265893027,13582.613062387523
2.983577870954247,10590.914846277137
2.9731525755336876,10608.163282401558
2.996739099897009,10300.289815196129
2.988275114139204,8878.951564844883
2.996564763442469,9403.96615425317
2.9766031019157038,9527.227869797996
2.98953715962106,12819.857744998775
2.957566962359679,7590.592647119118
2.9912482216804412,10319.811330895222
2.9604758989310387,13089.88298690544
2.9790249253358443,11455.394011942402
2.9853607555331694,13234.919246912457
2.9782693273598517,8212.402446798495
2.9924511717812345,7052.539999032922
2.99711091708263,9793.413331059537
2.965685684669169,10392.09649237871
2.9892982832489277,6976.041730697165
2.9640209959466963,8807.823055430865
1.8810549601403648,12229.466503197855
2.99873896193221,13551.116479431403
2.9896438177273073,5586.513893116554
2.9922255041714,11221.964745639882
2.997326650416351,10139.181293130083
2.9902224138305464,9267.765316111629
2.9468642984959073,10353.052989916992
2.98725259820291,14705.729576594233
2.9701307464439903,12167.631027480124
2.98627777965187,11967.587445422994
2.994129446820218,8435.277284324002
2.9975039644911297,4088.7160429693035
2.995430220283968,11462.703613149433
2.972109423139889,12875.775915140373
2.9768667482454365,12807.761673824529
2.9882890091617202,12367.063647680487
2.9967323390661593,7966.729326922866
3.9584102391011937,10479.447176912448
2.997107248295106,10903.637186199927
2.959758139242537,11279.755032673005
2.9762377339653883,10037.14336842104
2.9820867550472556,12117.539902124896
2.978608396291635,10926.928758158749
2.973071417551904,6957.053786701729
2.9594451821544707,9592.189706005849
2.9988379720133995,10189.16900212866
2.996295373901715,8207.28048467213
2.9584833114155398,8977.629254717027
2.9975998920415567,10701.737493505743
2.9820148203229246,11699.871508183374
2.9904918827769276,11194.0590086571
2.945509787761415,5582.2863233150165
2.947941150703129,9558.098251544896
2.9692864127431133,13317.876634169692
2.9824516282403684,9925.467949324313
2.9611841432199855,7812.279568225613
2.9875508910333477,15321.65234947317
2.95533817297001,9064.002485424207
2.9906241491854537,14116.432390165606
2.9905459864280908,9208.382911091525
2.966128380753429,9346.713222165863
2.990305335252609,10812.165544193937
2.970547536744272,13625.474975212279
2.9669205240255807,12031.583158432966
2.9957861546228965,16059.111763420573
2.952349656032847,12214.61572096575
2.978284671975324,12966.663754884528
2.9977892058370053,12222.29746036522
2.9930947592629287,11770.238822225994
6.828858497146619,5580.255268027537
2.9932592791032016,14355.77965587425
2.96515066662206,13032.010802562125
6.796435752371884,6086.975372018262
2.9876908176376573,8908.648324808857
2.9998237515060566,13018.681784319317
2.9827859589491195,12748.575067880209
2.9996554000152167,10649.039163510311
2.9815803245389922,14690.727725489072
2.964651761336937,4737.385635520337
2.981636382878997,11907.719322174782
2.9861663310368876,8083.626389465849
3.0133121271687533,14991.477976194934
2.9978527449943893,12163.047281435434
2.9789249056605422,7909.048136838024
2.9923421755867796,10276.454512724866
2.954038814116433,11115.978218849563
2.9833028513523723,12588.941020181892
2.9993497817664676,10227.583007826703
2.960938590090798,10197.171672149983
2.9826039897789403,11665.230978486936
2.9834154644458497,10306.285092064427
2.9858572670110854,7943.96162272128
2.98284397571488,10393.535806749955
2.989637408976685,12906.426269339423
2.9610605604878657,6774.298019336336
2.9792248700507136,9102.177369071633
2.9794594391038127,11498.443347738103
2.95423012449123,6749.691431960889
2.9851033743399102,13030.581704045808
2.9660191340194384,6972.469841540052
2.997218799590265,6940.323237907331
2.9971471070094515,12581.467403129995
2.986968321132094,8986.412418928918
2.990410031582207,12867.297811353448
2.9962737332125133,12496.786213713172
2.975348679871193,8000.980906222205
2.9504543453867154,11671.58514587356
2.9998110989426388,8901.614188098452
2.993799505341946,9196.245217247102
2.978495794991332,12233.369960842803
2.9994995447286885,8519.916037454783
2.9832798343765177,10944.644447135845
2.9643085082437,7277.956565495458
2.982697819285337,11881.087591597203
2.986827167899898,9443.75978326888
2.9657014775436377,8309.124591516036
2.985103752309924,9844.37600657919
2.9942578352047993,11751.261285819382
2.9667941650361622,9705.232550274206
2.9997734361727537,9994.754651118428
2.993177942029586,12852.801557715473
2.9917754404493153,11765.58734130996
2.9907918005273557,8208.987883284517
2.9858062394025744,7143.920434933818
2.999630925937464,11224.654153908059
2.9766481570627206,4363.978958568098
2.9807491864860185,10960.463924871412
2.996139430215618,9372.858411767926
2.981838671310263,12566.93887768814
2.9976363307364324,10728.557046557815
2.9922833065516907,13096.696789838512
2.996887498433102,15030.409897377505
2.995929702984838,11452.213015650888
2.9597728073397636,5498.299698085592
2.9960363575557434,11282.397769286388
2.9953368630034913,11002.02673251267
2.9905762258574797,12487.586112271272
2.978939320154373,10254.913030220683
2.9859272957231853,13938.286560813094
2.960093141960198,8483.034980657645
2.9922177812823856,15644.408370940748
2.993452056592307,10553.330404478595
2.9903991058812296,12876.489428605093
2.9769848053876506,13789.132374670931
2.99042097573907,16003.323294465361
2.992103979417025,7576.246235498295
2.994646462515507,12544.00922103157
2.985508168526409,8634.2269066728
2.977994860398926,12775.405999880884
2.981170826456086,10529.549621639248
2.9699388674147804,9240.244480971554
2.9864810504561428,11366.593412234995
2.6637883026332725,7558.77213701303
2.987718475343218,13583.659849624904
2.9967347446789168,12737.171291834695
2.984883854057021,12282.199761224196
2.976795938919998,10383.628568280197
2.999611136311665,10505.155438732389
2.990479688584204,4065.0537535268822
2.981047227761635,7772.443905749807
2.8711321117050845,9901.676910732449
2.9722137558352086,12650.865940901484
2.976506873190254,9949.85057203576
2.9990420116909786,11074.400040466397
2.9216349090021008,7278.18928914829
2.9954132815390317,6704.524210128734
2.994554836784533,11728.050190626773
2.989537820667655,12884.5901849113
2.999205214036484,9127.838648278675
2.9869647314204975,7320.711870761526
2.9914644163942254,6604.985442552571
2.9543587254336288,14676.75450388935
2.990337370520967,7198.574887622892
3.5233864995858175,12286.102130326532
26.315029095117893,-714.5202077272218
2.999135254177945,12364.996192424267
2.9997357353420786,9889.447270658116
2.94757012730524,4292.553441912689
2.9851162620469887,11401.056900779442
2.9983211952462776,10922.778830025014
2.990980505620701,10242.03805710552
2.9788980346991076,10638.669970958064
3.269929840253881,15238.627628147908
2.9747295155499507,6642.704341254218
2.9769651133441393,13556.227222685622
2.9850899958949193,12554.25646948651
2.9998869597912723,4343.234916984487
2.9740599350913612,7544.843472403063
2.9343171416045464,5698.970535256742
2.965097866668593,13715.121409419258
2.989509543264548,10488.957023296536
3.7167763079053686,9243.540111345459
2.968718741143844,10520.377209742503
2.992285238114547,8086.249015221261
2.9974529588086956,9462.065662632174
2.9964840632063727,12645.9994499299
2.9893007828387788,8266.241143460156
2.970484164018123,10179.224639345355
2.998049791105714,12036.853243881393
2.9943839199992373,11901.455840694314
2.9923355900323427,12976.097512249968
2.9888688005398065,11347.72166477953
2.97949970295532,9225.674058478953
2.9761540247997265,9503.127740497772
2.9968102216422112,8378.913937924648
2.997704126034341,12006.891258024567
3.284191813282866,12607.331589668787
2.99691989369944,11055.272117727982
2.9671639760114683,5034.085620785481
2.977752421233131,9038.325929690616
2.9995945827660453,10661.51163421641
2.993510990609552,11175.806088038276
2.997447617638162,9972.386097134462
2.9869161342621324,10885.57602811552
2.986669400780072,11109.934262887498
2.9920846934088914,8945.284215319298
2.9634173571337454,7840.569798681174
2.987500620144605,8307.772045694248
2.9854017863773072,6430.315008635404
2.9842393337136275,14146.224977174748
2.989430901779634,9882.455675051906
2.972328782823252,10237.71032935455
2.966263214269213,11101.159425951337
2.9288435921270324,3871.5492350359773
2.9953147789244796,7812.23547301267
2.9925564225942014,11024.37388564782
2.979109531927248,10141.996530442522
2.9582269880124623,11110.205750694864
2.9788942026439775,11108.47110368107
2.9824262539740984,11648.756969350192
2.968683437644292,8182.539573485657
2.9840017290068617,10877.971936866137
2.9854934057144935,8726.086075992009
2.943738133168052,7596.873424543526
2.9528682018177004,8128.867183658179
2.968611695844992,9274.83690971884
2.98378236220338,12608.25466297741
2.9761219778312182,12533.04243273888
2.9997124682650775,7687.524374719977
2.9688733951917934,13748.08024418546
2.9917913855332,11674.519018773282
2.960205600875791,12758.63950615671
2.999467790675353,9850.910604502642
2.9888240441728806,8714.631108190728
2.9918783607623576,8143.604042134255
11.812913358441056,3510.1178683361472
2.978983458185751,8085.812204549686
2.985055768690999,11993.728213902317
2.99340040562959,12701.226558372322
2.9645769973702105,11303.365995976128
2.9836097170284437,8512.129064771638
2.9890733297390186,12269.887893019697
2.9923277508445016,7333.888206522583
2.9998615120855745,6732.486365660151
2.988070264637458,11598.661372830447
2.9978838975175273,12909.961808815924
2.9916822218488606,8227.805043189492
2.9922630830163666,11363.13367341255
2.997048482479313,9976.814387796934
2.9891793653012813,16783.5053150433
2.9618937631948783,14287.975385981003
2.9742935830173245,13569.879690744418
2.9993276228948664,9167.97830304986
2.9908920530435723,12667.4111513452
2.9860893888484084,8700.232479728145
2.980141640433168,6024.056383346847
2.9807748050418175,12737.524360177638
2.983270635116375,10781.681624809158
14.969399932808237,2274.191279582855
2.9941080454095923,11512.286558322312
2.980047949293186,7015.764711848971
2.9967534573025976,11768.92864967764
2.984044081278923,9059.489323994672
2.994751474452398,10029.816310288925
2.980508704176962,7441.476935931144
2.996779174136405,7652.688302631009
2.974657162813395,8572.906127804195
2.9729895339845083,7430.233383939126
2.9777421267764916,8912.246647341246
2.9810944526422976,8216.681562650665
2.977085167900719,9408.03689735544
2.9851619205870046,7464.318947301555
2.9630801890540654,7762.875499959691
2.99661120105266,8501.34584002578
2.978789428969188,11676.741642712856
2.9782446075956175,10267.344662114365
2.987452930941601,12226.88371069544
2.9945046256871195,12939.190548961611
2.9699162191224566,8736.562952893108
25.53245489072337,-639.9845957599374
2.9838812822535,8248.328499489668
11.57318181137586,3479.670583128166
2.976875056165824,9495.384955457292
2.9967187974056553,9945.383161877819
2.9750700880944363,10965.014125543512
2.9971548011098172,9887.366760469155
2.978675955861605,12195.3799285571
2.999675761081678,11372.261838482013
2.9913335679668913,10219.926652044966
2.9973835496133416,12427.5970922407
2.9872253593025873,12604.72166253354
2.958765417177234,6580.124110202775
2.9993282749273695,13368.091694088991
2.9960120262380845,10935.993349077693
2.9953313273796622,3922.0069112589676
2.960334424474405,11344.282319342525
2.9796495838218493,12123.920110333132
2.9851868001979835,4749.345913675717
2.9992289362339677,4438.868072066045
2.986058499893317,10505.661622357708
2.9891976361660784,12281.367940118906
2.9425161437038962,11927.435993883517
2.998952784276373,11655.686816455383
2.9869641057975413,11234.29762904907
2.969651417595955,12509.760734099676
2.978398513180521,8369.852080266572
2.968095649465596,12069.020716364992
2.99145535770599,9872.061223305014
2.9903220485499107,10317.767295451535
2.99270437339041,12272.704924060854
2.942675986127881,6845.39112338823
2.9976642417244777,11070.243417978298
2.984151526420629,8412.691860674406
2.9725877543884414,8688.117197454794
2.9975386244498505,11502.492391102054
2.9850998467865457,10823.039039248923
2.9927033408674424,7610.736881096311
3.782357065800795,10009.463566468881
2.9937752365293506,4119.9674069410385
2.9845480424202684,9690.170309046924
2.994765648355545,11339.76524998335
2.990413236280444,13960.472122793723
2.9889719759291875,10261.143798599041
2.9841538861612444,11413.88840229283
2.9871171806462544,7043.04610049414
2.9926881509682777,9173.542416285425
2.981049006911875,12326.420421244504
2.9981287170577975,13491.177603406486
2.9883622908400267,13353.551079516581
2.406959998268725,10335.64689786473
2.999637576014661,12463.282579152528
2.9947757796369765,10018.946925200886
2.9954487925797686,11248.290992536402
2.9755767660022547,9909.426199553965
2.9691233954047935,8593.373944704654
2.9554050160364107,12376.167537207477
2.981477663986468,11773.639042630854
2.9946199812855703,11494.78702268406
2.9707366740523504,13481.08429611096
2.9957379874220176,11878.934928359902
2.9945555294957167,10562.1204100211
2.9754835052927526,10150.230482739495
2.9996460041412174,9438.419164278528
2.995676228452072,11523.716332744334
2.975351039610591,9650.540943713779
2.989782579684168,10943.131242730726
2.9927290025259254,10749.149481684626
2.990345725666093,11535.477582367592
2.9875961102794073,11919.776245692225
2.9542415079832334,8288.748149912451
2.991215895806463,7258.290689530151
2.9773215360776524,12011.823841911795
2.9945200036772803,8838.069072033506
2.996839067164503,8568.437117811653
2.9956301538524177,9467.695597801769
2.998474076790153,12517.844266212525
2.996660755380237,13111.35037596321
2.977123830064414,9791.855929493593
2.994239665098336,9979.820419632853
2.9984562886955444,10597.306740776037
2.9822570421620043,10384.31686422273
2.95801535363649,6462.079306956934
2.9633519266147363,11765.958511182553
2.9955057978400284,10491.344095388478
2.998081429849738,5510.715577645168
2.962226110669958,10939.80590058499
4.205180734313753,15001.286591401835
2.9812114667621743,7661.181861299698
2.9987224007733384,11121.544086955875
2.972940836212025,9161.264389824757
3.5165702073159286,14808.406222188032
2.996146320108128,15315.89376847919
2.970947404667801,10476.872360884307
2.9893408908511105,10845.027640435967
3.0553846055082214,11179.512061359139
2.991224980731299,11778.501953283196
2.9935418209424953,12043.21548320282
2.9918257026725006,11871.938529272978
2.998224606327678,11225.10439502745
2.939086239911749,7135.5550047584875
2.9779972841756295,6334.816883671416
2.9694344780877535,13712.99899579746
2.9781641425093204,14061.31514560419
2.9615685811890846,12987.387842592323
2.994799260135605,9909.20637275376
1.3903118954649551,12217.31828734325
2.98680399010406,12525.883990671124
2.9956825931795334,13626.670073614718
2.987663336180831,13945.567692836836
2.9919456571045044,12001.02228793049
2.96329569851546,11949.381076401223
2.9920338475830133,12271.432282801083
2.997072325623563,12555.974197920892
4.114081181350674,14954.67593375866
2.9932125067182542,12529.751611993672
2.9903599810876633,11792.990491579576
3.1804325675025185,13889.730111116387
2.9939974369735878,10039.101723570284
2.985521733143492,14227.253516223751
2.998771074110896,12200.959983827806
2.9964061785678147,13188.747251231789
2.991841181937104,10099.001020926164
2.996832854717927,13131.83540564653
2.9822402413137685,4623.439545374721
2.9692084770305653,7993.847103766125
2.999175974585799,11502.680372779432
2.9916163675549905,9637.868320684205
2.9973385729612616,14162.816363906417
2.9959402075695603,11861.180298319756
2.984482068585393,13778.775109328606
2.997172528548015,7542.31816901082
2.9914203858471033,9150.358576941306
2.9713026977239694,7636.540707482348
2.999500443231608,11390.50458860925
2.97864357990343,6421.135394882202
2.9934058276184685,11582.378052729673
2.972860523756873,7154.024406804087
2.9745776837831723,16445.73536159317
2.9814972079408375,9681.721766056824
2.9641708000186653,12792.901670652338
2.998682471651574,12402.217274606364
2.992398154948803,12403.389107519655
2.9732246930427695,12786.95782298806
2.9976908868679093,13237.028431214881
2.98884664888399,13453.183949681643
3.119165063581321,12166.210700435178
2.999972375667621,8804.30932815472
2.9983318386800923,7168.073944637627
2.9994903200674865,10485.845106962164
2.965804732457438,15513.03366076479
2.998869954567824,14373.76340187281
3.841513258515506,14420.530724127177
2.9988666815208194,10375.043018345727
2.995548337161113,12025.827501446844
2.9984396169440704,7349.896877480914
2.9773735128612806,7672.392395225111
2.9758481889194965,9295.114717888817
2.9744633161097322,10312.633289637133
2.9700501939851787,7396.686340571867
2.996658640484841,13268.606611182324
2.9635399309479697,11007.34079687409
2.985627797030148,11977.581059145332
2.981438419371832,12332.465877555253
2.976978518552162,12363.336224644034
2.973001479538944,11457.517472174648
2.9797642354650327,7212.784526398886
2.9502727577485617,11964.28016038923
2.9879287274272337,6764.283832813756
2.9818511375609504,6921.427434393012
18.518294775871567,1346.374088434323
2.9836931878149047,10233.75239663494
2.9827031735756,10754.252376190352
2.9930096579320966,6656.100234683458
2.9949035046800745,12342.887053754526
2.9786005770786863,11180.807893605896
2.9621488144883372,13300.861259613914
7.409825284270962,3655.3923489243734
2.998653149249457,10827.92311346817
2.996916746843759,12687.09569610096
2.993611209871488,4868.547911336245
2.9906463079317764,10390.423504269305
2.9523688423352428,6425.915903969299
2.9968225779014284,8758.713082680193
2.9940622282754483,11584.488064139054
2.9999326167231812,8592.126516594366
2.9922937302358594,10527.775533376636
2.971927213602475,11315.667717107111
2.9721441993417606,10187.616652532593
2.972427874869752,4616.7431677824325
2.977843609361278,10384.33451710734
2.981023830615712,11272.52156940519
2.9834858662963017,11495.080260868388
2.990679314261663,11126.525272139863
2.999198082850789,8795.172226390547
2.986229481115808,9009.81264549118
2.9983078642086403,7735.065840182803
2.9799616309227632,9702.828955873043
2.962224358009123,8364.495434277616
2.985300816364896,12304.58664297353
2.9589663302669535,9245.460028173597
2.9912190690014033,13613.230134892166
2.9947223628723334,15466.431550389832
5.778745689378246,6748.911337159535
2.985343953324545,10159.934621724764
2.968637360368725,13271.67589946565
5.295307719872337,6740.428630289282
2.989581999065801,10288.059957979185
2.9747118445056935,8607.0037127134
2.9987068110288213,10951.964476810255
2.995773972126917,9152.22478301631
2.982342011107256,12685.729037401146
2.9621641320719108,6880.044192723255
2.9607530059377853,11493.964926371551
2.9736868874912816,7267.020975803588
2.9901342170721024,11932.952629187957
2.996116890253217,13520.594610042639
2.9961295582231107,10928.267330211534
2.9967056811920267,13891.841571651117
2.982923890893503,12185.478235581682
2.9849036206104174,6624.353147459418
2.988750518154261,10930.734787167998
2.983813863315555,11806.986667110747
2.980309513047427,12220.420239001985
2.999408311148559,8204.348021406287
2.953393942809592,12010.93553924618
2.9932220401735266,11696.346614691556
2.9853516773561948,11521.080171594935
2.987199975494658,11173.353097851612
2.9954593017057007,9592.853447897709
2.990513098003162,12495.74530704051
2.9927524144503375,10595.621886333445
2.9692750080940877,2696.8232461323564
2.9847847146615023,10813.4065587791
2.996856075376192,9900.220601498599
2.9994131091924943,11199.661908665414
2.9893065411018953,10362.569469132824
2.9748384215238146,12063.58426277033
2.9684444506733145,10236.223649701844
2.9945062656610584,13775.079006517777
2.9981143815352236,9184.150315145731
2.9728467422097054,7699.484981052396
2.962415608753038,12187.59998711457
2.9781950854250785,11836.276981077133
2.992100203091849,12248.100079675516
2.9930606216876794,11447.898553428377
2.964552803753245,6974.9797038586785
3.388511358877142,14008.186004768346
2.978277810533427,7122.345218924324
2.9754431512245043,6040.936950653046
2.9780671169514155,10749.988714168136
3.18601273730772,15395.069513526287
2.9877281681571257,13238.211878083473
2.9968728705800687,12300.003406935304
2.977586118023269,10913.112692512104
5.424253974183654,14704.007550849992
2.981447126070014,12175.300950451552
2.997134707156136,6280.069785361457
2.9877576161618826,11213.775167586942
2.986068451949903,7237.7450427207805
2.9920285974353225,6229.141127303698
2.9813742702617527,12894.830103963213
2.9485455092277646,4833.949949477988
2.99655716238886,6974.141727939565
2.9777249776522052,10334.347049011218
2.9901068995217157,13613.020857738045
2.9995889165888947,10094.139857107004
2.986542288791522,12347.353511969657
2.9902074437844406,9897.33591024739
2.97281539204012,9575.047311785229
2.949890829211406,9390.064443616417
2.991179531306213,11949.642420203925
2.992844656371878,11704.158181170787
2.9944605956329498,11564.968060554056
2.9880236555795925,15833.425023751775
2.9919561354719924,14102.09491376806
2.9768115710121816,4354.211392881022
2.9813662403067656,9757.961421528806
2.9970856451264085,13449.669595726238
2.9932853904086665,14131.058677096615
2.985868232614879,14829.082333929251
2.9947446027600346,7099.670847376475
2.986816100829988,7387.179330741945
2.990061343108613,10129.661554403287
2.996976439919787,11360.205597346789
2.994953889655626,12483.086971954697
2.989505713167978,12664.635891082069
2.9378651867748578,8059.207744863218
2.9952404438847133,10292.997858850396
2.9939729071214716,9473.19223528332
2.9766515267497167,11587.80852181417
2.999326963805203,13459.534003999293
2.994416723388962,13996.33569749862
17.543974332071176,1463.112621249472
2.9814422112053647,8667.773876451673
2.9959760083739373,12844.303637011066
2.9867314537878817,12949.249902475605
2.9767097015269273,8261.222845049542
2.9569629344750736,11384.132101700468
2.999034718804108,13000.529255450694
2.997385851708838,15425.126844495391
2.989661073442877,13415.862809251526
2.9684252606897115,7630.649638151165
2.9982066875694406,12295.275888353912
2.971943455236402,13440.603535661474
2.981918728583252,10231.869410302916
2.971785905648206,11158.668496869373
2.9812168830198074,5286.49258358286
2.988080814326246,12984.021716398127
2.9909671064101135,5211.217517057528
2.994087061528805,5675.735746041908
2.998966325825676,9723.697295055006
2.983453476211929,7063.526439053881
2.9803518247892797,7505.193144661492
2.978660762060488,10751.498547841022
2.9924055657454067,10407.52725540203
2.978205473205751,13125.422485004301
2.9767633632511914,11030.067108981844
2.9887665001850108,10987.613892004685
2.99254531654715,12286.421811559516
2.9880293975516685,14069.97926072092
3.1751916133999045,11684.918942217779
2.983275549576312,12608.250362061852
2.995947794242112,12509.964363278403
2.9998624698805814,8296.139145892812
2.995078689609002,10625.940506207498
2.998158422921191,10263.370166697869
2.9635794216134275,10207.068075164041
2.9715651003485495,13642.26597458802
2.99198258587013,10321.631366263666
2.997742092678959,7231.630221773957
2.9211638102960307,7345.812387343214
2.9893315905592246,8095.737189342851
2.9959394572538645,9882.459052067601
2.9961677163646683,11032.257389746159
2.9942506539165046,10188.38587957284
2.995770593158238,13627.939882903183
2.983821540990008,10742.89691681766
2.9879348670355292,11769.814881936767
2.9683459947160933,13517.512273918179
2.9967082829772775,12314.170631336612
2.9928065611957666,6806.13141853311
2.9981033867858997,11243.635988307988
2.9761565078679317,9158.656046194033
2.9954533149070635,8731.250921738334
2.997764282392444,14810.068752323848
3.1790207946838227,14683.742581453887
2.9900232208718136,13911.120519885584
3.387960059065487,12849.689351007584
2.9996679287622894,8582.40524623351
2.971366473143401,5231.945578719261
2.9770844695843706,13070.233131395886
2.9989597455691226,10550.430227759825
2.977720420556224,10531.44383311877
2.9713899121698604,12775.718084022574
2.9917781407235617,2373.1304925175427
2.9863945339215108,11354.896733321571
2.9609595039258596,6934.82738045508
2.989819630270466,11821.770505692864
2.9939648965527854,12109.971852329014
2.9843375714413516,11588.106768470136
2.995460688377092,10182.647483088429
2.976356270709257,14591.934992167988
3.27622582361678,15236.26380136717
2.989208213028967,13229.885798234702
11.718710198944974,2968.167688838006
2.9888478792843114,5334.223870165488
2.982450256125386,10299.79962830867
2.9867242386564516,11338.578798854276
2.9932561213583595,16647.757954834724
