

=== New session: 2025-07-28 09:30:34 ===
Episode,Distance,Reward,Steps
15.41796716160937,-4974.673297750513,1000
23.16147039399089,-4886.784963277742,1000
10.185859826426901,-3619.6854683188067,1000
35.10603232096849,-5748.214532578695,1000
24.4834812340448,-5272.883581783701,1000
20.8262192631174,-4384.830574326354,1000
44.52004385478786,-5899.460100994682,1000
19.457931702294164,-4557.955046703377,1000
36.26695454548774,-6145.790125156931,1000
22.395926294237768,-6755.68722541249,1000
41.41640279528445,-7361.693018592482,1000
30.506196474246913,-5618.342499527818,1000
48.10509217286867,-5613.4747026370615,1000
11.969569445114367,-4652.488867836181,1000
50.59491168023293,-7326.357217417194,1000
2.986731667658865,-253.16219667387793,260
24.82370010932248,-5258.659562750123,1000
22.67293766429145,-5112.496232569504,1000
40.37274309390058,-6542.838246241386,1000
19.082723358088472,-6548.056501493453,1000
29.192801661983495,-4215.130988001895,1000
24.038754606913688,-5069.536027930942,1000
30.036887570625336,-7340.478445561343,1000
30.449380383751826,-8211.552178225018,1000
27.33761692711055,-3792.6759420495378,693
17.91899710640741,-4213.151414365992,1000
22.67099346455312,-4230.482309817098,1000
37.957725849851975,-5725.576085042944,1000
17.49664146782615,-4834.831211651731,1000
8.667366775561788,-4483.732924033548,1000
28.550501722978126,-5835.491892730631,1000
39.75051569759701,-6127.295810645518,1000
8.216281169593122,-2730.543485244458,1000
46.6549192738715,-6147.21066611643,1000
35.758726878107154,-4504.940845057317,1000
26.506516591092552,-6319.9398299990935,1000
30.738176204007086,-7481.93871011392,1000
21.687006876382696,-3835.6079946401787,1000
25.752033572039178,-6437.714645108059,1000
12.634320735909142,-4831.618601490197,1000
22.3383593267121,-1638.790525832588,1000
11.415529336728445,-3933.042961944235,1000
25.912982605245098,-5509.381418865011,1000
24.942803207311503,-1911.3479165874003,1000
26.836841757500352,-5044.556368664354,1000
21.53057469845652,-3679.959079868168,1000
23.451909742672782,-3016.297093951148,1000
32.42001084408011,-4897.664014286073,1000
29.71011846579831,-3988.0220577449254,1000
9.707089667245834,-1737.5090558622842,1000
41.30080376903111,-5679.423536895561,1000
18.61089800580732,-4910.754625842365,1000
12.147670283008248,-4821.773742480542,1000
22.795933804625157,-6167.429731037705,1000
26.893511528786973,-4562.278587696249,1000
10.001033088070331,-3396.3312268808268,1000
20.636754277255136,-4115.4282431682495,1000
31.712330395131186,-5776.712160193416,1000
20.412054182456117,-5074.601233214818,1000
26.544533091680822,-2808.357856272438,1000
17.776507396524963,-4831.573837201326,1000
13.961123206217112,-3188.5333165286715,1000
7.831819196462104,-3765.893663617441,1000
14.488221262389489,-4580.076504053318,1000
33.86539929737315,-6516.353962951037,1000
21.20632596460955,-2568.7772536939583,1000
23.37436518264148,-2915.5813704917387,1000
54.96240814638401,-7579.0942600735825,1000
5.977959316729716,-2563.647835495146,1000
20.133007656405525,-4943.438406406957,1000
33.55859680221954,-5439.202485573086,1000
25.51615347013232,-4694.755859295552,1000
39.76366960964395,-4651.524062942252,1000
21.864513246503005,-4204.069669493935,1000
20.835157498290062,-5523.511246797466,1000
22.624366419896898,-5656.469007780943,1000
14.172313216894805,-6495.862334614791,1000
20.378005518425976,-4706.428694654268,1000
16.795527069208067,-3842.2153419061733,1000
33.82310711185411,-7238.497593445913,1000
18.703776161843322,-6072.092253540477,1000
5.02626669614427,-2774.5932763584547,1000
21.343345524486654,-3217.2241989371637,1000
17.662211145719173,-4228.008147953656,1000
2.9541536166924267,-447.7642592719658,868
19.619995189701775,-4608.33353081538,1000
14.817407421932401,-1789.8653170553225,1000
25.227910152117527,-3230.35228147191,1000
19.411521222303147,-6467.779223864632,1000
9.745394947245124,-4195.732493089338,1000
32.543204919766886,-3217.823593045079,1000
8.436015277660156,-4058.95955080687,1000
17.53399776628773,-2812.8810439154277,1000
20.07790299017251,-2277.7901008624576,1000
6.094317972087856,-4470.523488534898,1000
11.757841525250141,-2758.0541864639977,1000
18.209828829975798,-3392.3747903376047,1000
26.744446595538307,-3401.7687372620444,1000
8.944697060173661,-2462.9544705210064,1000
10.708871325600931,-3894.93564965065,1000
25.287435727216206,-2647.7845767470503,1000
5.478343537383971,-2308.6405985630277,1000
5.429651790650998,-2188.3657535029315,1000
13.172991260533502,-1246.3789589748164,1000
4.961052749430857,-1936.5527255891823,1000
46.65233161837728,-5039.780631921109,1000
10.858297505707664,-3329.1837960100343,1000
22.16056168249829,-4904.6305219577625,1000
18.779548235374413,-2294.207183980253,1000
8.670894963210847,-4252.242248396144,1000
22.980338980255553,-3335.8137634317436,1000
13.707670247990798,-3438.351731453298,1000
7.304421012327809,-2730.4936065870365,1000
23.72921010891395,-2618.906047747272,1000
9.580662189667025,-4481.8307961725,1000
36.76822976437269,-5735.017610728421,1000
10.55081486110902,-2886.210503001161,755
14.869112063548297,-5233.667372764269,1000
22.563491396359975,-3884.1374068638024,1000
9.5916998030457,-3281.2235905394573,1000
12.761133527865503,-2729.708693349546,1000
12.07620688302804,-2308.326943873705,1000
11.932117802522372,-5161.777725929624,1000
7.424821210965288,-3259.1689601635426,1000
4.11615576415072,-3308.1604833078045,1000
4.324361876787028,-1395.2147652318547,1000
7.532816715524878,-3115.659016382076,1000
9.46947008354504,-2243.5797789107546,1000
15.783528606559761,-2050.6455384761916,1000
4.8554828628462845,-1781.0995780447265,1000
2.9864090714379756,-614.4888651685628,681
22.349174734585667,-4200.348286435708,1000
19.187681151907068,-6341.269719038745,1000
17.018883592296195,-2035.4920243195397,1000
2.9991888969269995,-764.9475120746574,890
25.31661476254161,-5142.4049789424735,1000
21.08502012807509,-2432.3434160156253,1000
16.03617389052107,-2278.289507817331,1000
16.503169454855843,-1581.1335594362965,1000
3.1701979155717908,-3035.166275494069,1000
11.185369086966194,-3612.2673183453035,1000
28.078329063688688,-3185.7302156224705,1000
2.982892633267053,-1000.6985425347946,649
9.226838670474764,-3023.5781345796436,1000
8.652547871583963,-2012.9663027700726,1000
6.387267755214084,-1962.8074280787112,1000
5.951464907128961,-1733.8540155470973,1000
10.060130622769858,-1818.4604018912244,1000
7.068590183710577,-1008.8944422147886,1000
6.6452412638067555,-2432.919615982417,1000
4.671401841302135,-2922.9199763882393,1000
16.764914820009746,-1427.3258837281185,1000
3.589646864825013,-4513.454772910569,1000
9.05200610386938,-2505.5567568726847,1000
23.754028195398593,-2020.55723064907,1000
4.48779021077149,-1573.2438857545426,1000
15.079547059239934,-1564.1339460107827,1000
11.573514435329406,-2985.0215662394776,1000
23.221483792947687,-2366.3807615694564,1000
10.703207546977225,-3543.1630509123415,1000
14.720574804663194,-1627.879807604027,1000
3.763938761586346,-1173.8639900394992,1000
12.159034119451933,-2986.0192033158983,1000
11.903215574431503,-2476.921705270563,1000
8.686893309339746,-2863.550009056623,1000
19.12379239335348,-1547.6208690161343,1000
9.697499921929282,-1920.8620615722582,738
6.145488191377402,-3029.0975232569695,1000
5.849419684330099,-2436.7732369088408,1000
4.675171738573506,-1565.6913536490417,1000
7.690134238738609,-1724.8491304104994,1000
8.900534853505778,-3108.511763181257,1000
5.809467213287133,-3117.631186100533,1000
2.9836965218735707,-1093.4544728721787,998
5.263175886621281,-1643.3713623172628,1000
3.6410955979566584,-2157.648414786316,1000
2.985690481133481,-246.1327304020523,548
22.144860255513187,-5241.14463420181,1000
10.960625234813145,-949.1297503274186,1000
13.23984118710174,-2813.2385543270675,1000
7.6855681020222955,-1258.6099075499358,728
23.411234150789564,-1868.9537380253535,1000
17.752733587355713,-1542.6528817825172,1000
3.4818589130305173,-2201.1679385749203,1000
5.628704117492078,-2379.105124457767,1000
34.028259617787356,-3093.972830543893,1000
4.72279150092649,-2676.2194786916507,1000
6.593538128859227,-1772.6625777921338,1000
9.48631382541981,-1783.306334814287,1000
17.396645338961648,-3007.1431542986484,1000
19.78441960975461,-1788.9546510815132,1000
28.74755455178249,-2246.490741338974,1000
2.9763394745108354,-179.01285997057653,488
3.7993028488462524,-1380.8009418907757,1000
4.983364064944808,-2181.715635115753,1000
2.9476140971775204,-688.6300098803645,743
9.35197062250144,-2091.1034498595286,1000
7.117026997183958,-2615.967999650009,1000
8.458520218131028,-1108.6219788386677,1000
2.9779310403383246,-1342.0704923365968,869
7.055692476644357,-2607.5205906108545,1000
14.288845572104533,-1590.7403965190558,1000
30.1192298907923,-1883.58910751356,1000
15.998717978279629,-4325.8503551686545,1000
9.06364911573868,-2227.4010072882625,1000
2.9847412506587885,-460.01306968112203,427
11.5982119630825,-1368.7092434938982,1000
2.998974739047976,-1653.7194701008243,828
2.9883269305293716,-298.1070738515108,511
5.711678645108997,-1985.0146790158658,1000
3.384729110139506,-2015.9469246109588,1000
3.4167820691503916,-2643.0761281788364,1000
13.086206358812051,-1279.3292337747841,1000
2.9744566431529145,185.9528244149505,725
2.9899977018677335,-28.985930222562956,626
2.9879260147632087,-628.3224258792454,741
6.824464545822875,-2336.76506083975,1000
20.039360797431495,-1350.9364788188811,1000
2.9674862500285664,-1092.920375494964,810
2.9689279296613935,212.9812459104606,334
5.9180932506042065,-2088.9182047311733,1000
15.222361901494043,-2030.2790417944345,1000
9.91308271472955,-3102.944947686724,1000
3.6721443427346685,-1711.663508695156,1000
9.159799345544082,-3155.3103431434824,1000
9.547514582287722,-2696.3900371041454,1000
17.078692701853306,-2060.730961239765,1000
3.9310505119266588,-2516.8177526176164,1000
6.266451452751902,-1012.6089300640346,1000
2.998942055151956,-1182.9795784176993,915
2.966462536058758,265.2362038813445,495
4.389191817472658,-2278.6015696230224,1000
2.971613206053453,-755.0031745683723,906
8.595219142609674,-1228.8350761977683,1000
13.96824447319607,-904.5570503747748,1000
2.9933921016855956,-235.51166682019152,847
2.9606296268519814,159.1210098146263,529
7.348570513080732,-1686.4021847051922,1000
7.656983559240723,-1913.9914681556095,1000
2.967785073084865,-1138.8768568286894,592
16.336803786305683,-1701.812719059498,1000
12.16804058461564,-1401.775835589266,1000
18.766736879639737,-1328.0271066204339,1000
2.982494162484583,-234.37454791011157,680
11.865850866338022,-1831.5601385031634,1000
3.969889610255421,-1955.757382201429,1000
20.033002582682666,-1593.2850947051093,1000
2.9786467780410537,-1658.1706709059795,879
2.975277664120985,-439.2033496571495,975
9.857574512943865,-899.2117053666879,1000
12.63060640512043,-1336.1679250743086,1000
8.349830074083288,-1639.328861249673,1000
3.625336227867846,-3835.192962452391,1000
11.052328617126047,-1063.1497971242065,1000
8.071339884075442,-1973.3105155076637,1000
3.3372982544332728,-1478.113102342443,1000
2.9818572833611006,-371.519588576803,956
2.9655952670639767,447.08068932403796,96
2.9935643660282896,-1269.0444452938589,812
11.659676430063008,-1391.2550106042072,1000
2.969285319096959,266.33868535593075,280
6.94745328292791,-3475.115858186906,1000
13.405831492071652,-1258.5958245203929,1000
2.99055337308052,-473.1834958060815,695
2.9359519623058263,272.84270052988256,345
2.9748731993798976,420.3282333298769,268
8.574596308793023,-2943.3664361668502,1000
2.9967698401621328,88.5184781052651,518
5.609169963396422,-997.3975977591876,1000
2.9854209953234054,-579.4144100478932,898
4.376280695334245,-1433.4081485664697,1000
2.9860863074582658,146.84017702050824,486
2.9892033288116595,234.4082752079022,323
2.9955222940559634,-1088.2963494483483,948
13.67462380940739,-1359.6102024769204,1000
2.992239525428103,-1207.8069301746764,827
2.9744963005848195,-181.87489901339472,866
3.609612929354674,-1756.0345830011524,1000
20.054699583782536,-1082.4123245538428,1000
2.9913731948844964,-1189.5289823122857,925
12.587243997193358,-1153.45351250111,1000
2.044076725178623,500.0,1
5.774545606190313,-1007.2843341470002,1000
5.71517177711905,-1092.8684357889833,1000
22.014096753521525,-5470.398981710534,1000
2.977962530589168,-242.05565488461752,720
2.9998305904354567,-1124.288169168118,748
2.980014783313957,-746.9110469383527,930
18.106776587212288,-1426.353566784984,1000
6.396692086551277,-2407.5860634031665,1000
10.080057745469345,-1087.9036352693845,1000
2.9866958332636084,540.0454477062265,560
2.9862096968266822,-255.33967833324493,642
2.9295232696078854,-1417.1711393799042,679
9.796099553811363,-1447.4774117499337,1000
11.776195174344961,-781.615146662543,1000
8.50123296963388,-2404.089460646937,1000
2.977465644748689,-400.109714191967,714
11.482404738123035,-939.9525458841347,1000
2.9844802795132543,444.9365924983153,256
2.961434823172298,-128.37475844367395,463
2.979981704321607,-1100.316886486433,995
2.9659317112848624,-467.30075120333004,584
6.020624626765641,-3289.000139731403,1000
15.965101457627433,-1584.0659578455086,1000
2.989072840602199,-1051.1414373916102,862
2.9962955568244634,89.39906656745552,609
6.516609640649545,-2267.3133827670845,1000
16.76961521893183,-1544.6363856066469,1000
12.417523788430824,-1229.3385177083387,1000
20.331651403410806,-1722.0024600217184,1000
8.046389916272565,-1271.450461612398,1000
17.765640971368057,-1175.8414693249695,1000
5.432171913523624,-2609.282979433563,1000
2.968865938600689,-1090.092837231675,985
7.235916487309305,-2782.742151733519,825
2.963404370103044,-221.30556489966636,852
4.6821184486058725,-1368.6281744296546,1000
9.671455917073493,-2046.2378159547638,1000
2.9970230334346852,-640.4452208837429,917
2.9727581261813367,-254.70603593495957,258
5.096781160422728,-1170.8319393394447,1000
2.9988235238719096,453.65858615511667,23
2.9987646355127215,-642.1838818922233,884
6.517851156685745,-2006.97396927412,1000
6.369448020265264,-1403.1261573225656,1000
2.9993776769044542,375.5080093058926,458
2.9559202355067677,95.94007433775795,754
2.9988245222130767,-417.1407967713259,937
2.9982651760640318,50.28287514362762,717
4.968686454820288,-2265.751552424838,1000
2.991444412944634,129.22941050735142,499
2.9867424317175737,-1224.0356146849838,988
3.2054152425783986,-1027.9848014991433,1000
3.178718830581228,-1378.2220823120865,1000
2.983111418100897,556.3808851687572,330
2.9911965053711898,-739.6683985455559,837
2.981898034608657,-792.3632712988933,936
18.956188486577947,-1201.202100428705,1000
9.538948973285814,-1279.1197762980723,1000
18.062915825422202,-1457.422790132036,1000
12.08528996558409,-1250.798135996505,1000
6.651122823315219,-2270.920494477692,1000
14.287999297058251,-645.0075444151507,1000
2.9529847160390763,-260.46951674295815,751
6.778637210514066,-1709.0821321476612,1000
7.405775916518703,-1279.686592310695,1000
4.674098404147834,-1142.7304216360149,1000
14.661137892676345,-1274.1167325265958,1000
3.5359054114490394,-1481.9940543005998,1000
6.114614613307641,-808.0050158475523,1000
14.995545267338967,-866.7936734752304,1000
2.983638461401401,-666.5119297198653,843
4.913775535413667,-1781.53985629536,1000
30.16878698491548,-6123.927027038399,1000
2.958295058185821,-980.1058232488278,837
16.309897711949617,-1339.0703786578097,1000
2.9777488079011922,522.8110809323465,422
8.341599237223548,-1882.5324492197426,1000
5.930631011924479,-1914.8438769967188,1000
19.013565886982455,-1174.4834490840365,1000
2.9992909325680146,-131.2088529351554,605
9.322812565095086,-3759.0622337157924,1000
15.530896382949754,-1242.4613846750797,1000
3.1330240052005425,-1260.5865005754015,1000
4.44678406898716,-1256.084831848065,1000
7.607330639299203,-1354.396560854042,1000
10.144639872578447,-743.9623302156436,1000
2.98763579708397,-1260.3597454926573,641
2.991719628726426,-203.65430225675118,795
10.223453434268555,-1288.1350765072084,1000
2.984847430769496,405.73363094614433,806
7.7662975350883965,-2822.029843749054,1000
2.972472957426225,477.385078043606,262
2.9981740186695873,410.6566871757484,180
2.9784678501113286,261.8531682407307,682
2.9808941259509787,-166.91760475573278,633
11.960209712919372,-1121.7299818188744,1000
6.015993163462894,-1070.0491821310466,1000
12.912079919735158,-1231.3728246911703,1000
2.9813447422704518,-336.05383271310586,627
2.996967543959464,88.51564272177944,562
12.317370911124652,-1358.1440754279115,1000
4.849581760259103,-1814.034229629479,1000
2.9919559954351485,-545.3757891975401,850
9.474165612507793,-1107.4661860368565,1000
4.048021105214523,-3425.3939129097403,1000
2.9871810821712286,-877.3997330346899,944
2.984081361814836,-323.01950915966336,502
2.9756384499196398,-144.94937696784984,492
2.9848027584867465,-365.0216832677602,773
21.6245613319714,-1488.7231362107107,1000
2.9628678591171704,-2341.9197220849856,759
8.798180511753714,-818.0125428452732,1000
2.978067491392921,-126.41283591638944,896
4.72466371860359,-1203.0950783592696,1000
2.968248134801752,-345.5952733124916,748
19.382177949311416,-1373.7079084262277,1000
2.9599347779064775,381.398891071112,389
7.360424601426864,-1227.3884963386558,1000
4.88184564322707,-2685.8647968067153,1000
6.329329693470895,-982.9916691175827,1000
2.997424143313802,-899.8984586194717,564
9.702707156495274,-1390.2520238546813,1000
16.51630176527617,-817.4004020638076,1000
13.228097820109744,-1134.2047074951772,1000
9.074164053934044,-1293.7890646472463,1000
2.9962273338798187,70.30241433207397,384
2.991702593829026,-110.8681351711125,858
2.960576974240212,-1215.8920599697465,941
8.504358811215157,-956.3449275042246,1000
2.98131369521314,-751.4424141029504,543
4.233054549143567,-925.0331759896177,1000
2.976870913700339,165.16717107424137,819
18.63273638464531,-1450.377200480132,1000
7.569487523640303,-1165.4134962598753,1000
7.71877714794374,-944.1660521902398,1000
2.983946894947035,10.748015137242987,565
4.88385605006077,-1749.323355321235,1000
2.998335859119372,432.38593364066253,468
3.408404867594627,-841.3845158233547,1000
2.992640675495261,63.058120107487184,468
2.989592723724353,-516.9755840611075,798
2.9870798439084605,407.3512450368954,381
2.9685016980313397,-131.6046303653343,720
2.951235022169141,87.6375090578835,653
2.97400931955067,21.49061804098386,939
2.962722886704705,-352.1728827890821,823
2.9996926569740765,-939.7293116317237,871
2.9566035599384928,-869.5344840199296,552
2.9916707297111103,400.27273832774017,421
3.9781937415543274,-1809.0674228576086,1000
19.5511675877325,-1538.2886651366073,1000
2.9964750095751573,346.5708627840438,525
2.973719717001845,-1405.1987797899867,783
4.4907752483207055,-1297.9805777518043,1000
2.9954676211199636,413.4197809498833,391
7.416250024926226,-1312.8697689178136,1000
2.9917147330646348,453.8411725758511,375
5.103627863779465,-1093.1513844547571,1000
14.376404050634655,-1071.4078189539996,1000
18.74805492840746,-974.0250341864713,1000
2.984633488016094,45.39248039724339,465
2.987353945755457,385.9774663615193,489
2.9914195104568897,-694.5934012947164,622
13.615766588562625,-1326.2858486002401,1000
2.993497462140725,-181.31941229038398,601
3.6696431711852235,-785.9774193900764,1000
2.996995838203156,-163.77498390829157,996
2.9649021096169372,332.0966786166897,240
2.955586060298565,372.0180101088756,434
2.961553586670966,-413.5874431509152,868
2.9703538518134422,-461.6433931762348,875
2.9933186767539652,-562.8066130593211,745
2.9864214717025988,455.3559060982024,38
2.9835851732268948,50.77318952591446,164
2.9960331726387786,441.02651263957756,565
3.7460691832854724,-2522.5251745943146,1000
15.235494106565243,-1211.1796317964745,1000
4.175061406329757,-3336.0709941817145,1000
3.2555951928913536,-1707.4075111128839,1000
2.9943602784020946,-1220.919319497367,587
5.708343824608455,-2451.5889034511442,1000
5.545048006455727,-712.0454090211847,617
6.069272404233361,-1361.388748508374,1000
2.98466990967939,10.40611381500895,923
9.935585669525768,-819.2446210347069,1000
2.9616229880181417,201.77682943605726,639
2.973993794817019,195.3001290583353,749
2.976296758659647,488.8534116731752,235
2.9501730578803707,-263.16708916110326,335
9.976388955969302,-1057.5675014862165,1000
2.9778856868321824,-2566.5385769199765,979
9.417842353156395,-656.2913068084548,1000
17.72322349496696,-1147.367050287427,1000
11.363026998205578,-783.9467885630592,1000
15.857363064364995,-1585.580031449176,1000
18.485020337980064,-1834.7304336853958,1000
7.050591946013394,-1204.8169467417852,1000
2.9960467621651383,-1047.4268144341406,846
2.9842668357508466,-334.34386012328605,816
2.941026437875399,-1455.3641361599969,937
2.9763046212089623,529.3475340213421,123
12.79623169745396,-883.7004496625827,1000
16.859784077268593,-1451.9057502650712,1000
9.089869179099052,-1400.8519769434952,1000
4.3212390374110345,-1335.917121995599,1000
20.802154022566157,-1003.2810431114822,1000
14.742554687275387,-1652.0088726593658,722
5.004682030605756,-2121.148812291391,1000
10.748579565055888,-1408.6264060180015,1000
2.986917728714995,259.1251709645413,622
2.985196469034297,-1473.1063499911986,902
6.8224735614317975,-972.8992365608802,1000
9.174625919895236,-948.4379856268605,1000
4.7259410311947265,-793.7938818566396,1000
2.958967984438261,200.4365694290738,562
2.987326811428922,169.7219000181134,670
2.9335392842744956,452.9420463809041,488
2.974104446380851,-193.26967043893194,601
2.983814072740157,322.5662465134526,503
11.76865657085589,-995.054319897613,1000
4.577883619716372,-868.1046683686654,1000
2.985031462402557,366.80478262322424,304
2.991117647518607,-223.34589813142338,881
6.879008451243226,-426.74738938969966,1000
2.99259476330495,-201.5457867552136,777
2.991663821660333,214.44489914447286,643
2.9739178010997143,-174.41801651398282,604
3.566960610694369,-2106.878289870819,1000
2.949573094965055,394.14110122532213,508
2.954014773021846,486.9731177935332,491
20.101603919655027,-1100.3613853385793,1000
2.999548648409025,441.70096353129964,523
17.869988312715538,-1563.6063297672606,1000
13.558254792452626,-1362.9980462775538,1000
2.999242476267692,141.03653334727989,726
2.9817305222207233,322.21704597730286,588
2.935615035382533,593.8346148970768,417
18.539481023631378,-1335.8773756513285,1000
9.616002651639057,-1222.6259669927351,1000
2.977619785332273,-162.28473572158077,788
2.9859730913271094,-1262.1049744687757,713
2.9855596605961456,165.94313457597184,874
5.288128288668374,-939.3804918268363,1000
4.166893398473719,-1752.6415997081465,1000
2.974550172616005,-872.6699940185256,913
2.976914926927378,324.8408825615029,438
2.969963404422494,425.7896445345684,676
7.014101931647707,-484.3136604504511,1000
8.391033109594332,-684.9892562019018,1000
3.0265291980446642,-1582.4668469562555,1000
2.9956304724487564,-577.4097299625896,950
2.969433498288668,396.13034147949213,492
2.97700698988251,91.13509287916384,597
2.978795907457068,366.520132780159,338
2.9882965191697837,-303.6703312658045,996
19.627535629245788,-1385.2384570125616,1000
2.9915633051137895,220.0461464664661,468
17.069691049080305,-1360.223182914806,1000
2.9932998947032887,-55.25073047072499,614
2.998250574728284,275.7082774338047,699
4.252010179968078,-1212.0141382008712,1000
2.947329321229233,350.70889899203087,450
2.9783931703540234,-98.6438150226245,789
12.299788131257595,-755.6804158872501,1000
2.962705738190992,52.26688053708216,580
2.990096155271519,-571.2994174899018,925
2.9941166939084285,160.9248824780068,614
2.975944771752229,230.5238011783302,291
10.791425232514529,-907.737486161291,1000
2.9935243965311233,155.5560881169692,549
6.4182781042088,-1400.9775614562936,1000
13.675948382037092,-1091.8306689499962,1000
3.1224780620079047,-389.6688610060011,1000
8.153314136197979,-1589.6944786575082,1000
16.26191523474879,-1311.8652842834285,1000
2.988581247107043,-304.8760509556155,369
2.957439864909448,-117.47849996539617,771
2.9909078499145214,447.57900709404186,311
7.038872740372629,-907.3596897590726,1000
2.9969880107573794,451.41920962471323,402
2.9735762847822795,426.3967130462837,175
2.974607342543196,-608.8406945057425,883
2.9572251398181835,419.6248907978104,632
14.520829614741467,-1043.288518895652,1000
2.9937344349101846,452.21389899778245,470
2.9873937616482755,529.3769987950691,373
17.064697476997104,-890.8126495360184,1000
3.9226625014595244,-2423.6750432564904,1000
2.9855697323116206,-294.57017717162046,556
2.9953099300673562,212.89508625589718,721
2.9863301355634757,-270.2241915909501,780
17.905868411508198,-1492.187763990452,1000
2.981323361950831,104.63435597344915,842
2.9874640935430934,110.98275299537318,500
2.998652083522823,152.68031174556182,587
15.5438852802439,-920.1048604902103,1000
5.032446027863303,-1200.7846635246638,1000
6.060281802717645,-3027.736059384574,1000
17.64302400816029,-1306.7964901207106,1000
9.521346285456344,-806.4683551112813,1000
2.9841132204956304,-106.55567092761055,662
2.998186022368483,336.34186334189,437
15.375020890864104,-1287.2187722908852,1000
5.453466847058875,-852.9941759885171,1000
2.9940559380507175,89.0610699868223,776
4.972460756611971,-1380.1781906376607,1000
2.991771374223575,-803.3466521742232,443
10.47714587557025,-725.7659499683685,1000
2.9499883066973775,-650.2103836337872,847
2.9772645074022672,-142.68795438931136,728
2.978894937903939,-383.58760416684026,826
9.689296582714876,-1060.9226732841496,1000
2.99509839129734,439.58545742196816,375
18.614747125286524,-1191.5090140234363,1000
16.765542771177948,-780.3827890008242,1000
2.996457211214539,-563.9100738813249,724
9.367643753770546,-1765.300589832973,1000
2.9833447080578486,75.53140549598322,677
2.972384190652778,27.647671762161906,680
3.458752632222407,-1286.6638399730023,1000
2.9966009265905953,-534.5296581799121,896
12.302869578190851,-1341.5500868216886,1000
2.9906527938200744,314.7895714021929,653
14.576963945754606,-1184.9851274560576,1000
2.9857557220335567,245.75203643660222,562
2.9966472016949433,-45.26253700525763,587
2.9961367795808305,283.22333006589275,543
2.9984249618938117,466.3324623830433,157
2.9637340283241103,552.2444463438236,498
2.9870679098701474,195.14696667926142,783
2.9833695268889766,402.60008782770535,155
2.9770480513396085,498.69387079533226,344
2.9919337917523445,63.36732508033998,622
2.999578051406215,375.51075234224896,513
2.960556374873905,368.34811319935375,433
2.965911991372634,-84.82693121970328,450
15.635831593394423,-1301.9540588548077,1000
2.9866341658501963,-61.93787602015175,677
3.065270186556015,-848.3929546897785,1000
2.9779540106923976,-42.4459196949565,486
2.984156177363373,240.4073398738609,760
2.9750487907503507,445.1792907759951,664
2.9885398652194874,332.06399647909683,547
2.970834522616115,68.39757497475097,684
6.997420375900015,-1443.1673111690322,1000
2.9669621391749965,-854.0808439216992,770
2.9668299496597155,198.49879529916865,648
7.666721225829889,-1297.576636509717,1000
2.9494796654369875,359.9602874147733,140
3.530673984092722,-1266.0986504088055,1000
2.979918742962935,527.9585957489558,121
2.9689995334527306,452.43842988197446,657
2.9945572842648476,437.84594573325955,605
5.064739776524905,-1273.058344553854,1000
8.070426844023586,-748.2635631153782,1000
2.997575365065079,341.97593350630234,389
5.000016269713589,-2187.677858116414,1000
18.135209767469703,-1441.892757902147,1000
2.9986384760059064,47.48950521759332,518
13.840441855704666,-783.4075640314087,1000
2.996196571440073,359.18844175909413,762
2.9475622962296435,479.7622004168863,304
2.9817138360135647,374.8922640738105,680
10.219331633106565,-1041.223835726994,1000
7.986747677475148,-1188.35780993325,1000
2.9418034322313473,426.30529960364777,465
2.9597753129395428,183.33460104667262,673
2.9747788723533413,424.4476125301951,641
2.996153799268292,432.78454915632085,170
5.279352126310923,-962.3818922495213,1000
2.9756847758619545,81.82924714185009,643
2.954593350231463,261.01166437814857,502
2.986915425417843,-927.5437340341148,969
2.9925443966664624,254.60840356608063,762
2.9838987722805568,-394.2352225161819,763
2.973825667170244,544.2991779330733,567
2.9936017626190052,-166.34220594960334,607
7.113401302925392,-751.4402441145119,1000
2.991534508496927,232.8025022332297,418
2.994455074615139,398.2038444015667,492
2.996480987119504,240.84577419172723,783
2.9887380381859,430.52573915493065,458
6.091098813492159,-833.3252301496366,1000
4.677158591236289,-1319.0445915697828,1000
14.378228854435573,-782.5205346786576,1000
2.991855033914324,85.96286602655857,494
2.9912890034112074,41.10536061525636,394
2.942126079830085,28.169241393553875,844
2.955268607943897,627.5818619661422,451
2.99333685149295,356.43961302291206,382
2.9978324291776706,69.9010614229008,793
11.897435637968856,-836.2866486707973,1000
2.999392466987344,-746.7540428782813,896
2.984086158084755,190.64697813173854,289
3.9555658512808525,-678.8943779996114,1000
4.56158000382782,-692.7410779497487,1000
6.208103041004739,-631.3164262319685,1000
2.9806033270512065,-187.7519080336367,880
2.9793379137950073,230.26458644667633,649
9.930871582434014,-1086.5191444926566,1000
5.327278951174557,-718.9923748189809,1000
2.983330198179825,59.02546259213955,539
2.9699334632368672,529.524953262904,220
2.9508033302755416,420.8489038065183,552
9.416617024549037,-1071.1191823861154,1000
2.9787414441130573,201.08884713171113,658
2.994305893273894,233.58566259198165,692
2.9830724673099107,379.24716044806695,334
4.455393668167038,-554.5353519176506,1000
2.982826397270006,404.81673201459694,461
2.961363928836538,154.71179862132107,779
2.9692544273323835,295.7210490775943,840
11.829111173923263,-1433.289857096038,1000
2.9969464396427665,-447.56370966800705,890
2.996712939201762,399.14892756783536,357
12.948413688945879,-982.9584203542826,1000
4.65344262582654,-1828.4232472610363,1000
2.982104709000796,420.3761923752455,236
2.9882172861495615,291.9370230692764,504
2.971428918581147,-178.03493074430116,479
2.9883431203537314,184.82289439524214,745
2.977050160712182,-21.466626994456874,818
3.0783630793713828,-2404.9961906258236,1000
2.9581460823181547,166.8016915562174,735
7.8213560537563165,-1385.7931356316906,1000
2.9882308467381486,76.757945028,647
2.992161444608267,50.63792835666993,497
15.985657222728436,-1311.219029337912,1000
3.8970195839949047,-1313.7064176706106,1000
15.173811223025025,-1161.3333901538197,1000
2.96735843417984,-57.07324992701922,536
2.9996504758189926,155.44561751473583,598
2.9798262823164676,454.12283233101664,450
12.921503511103085,-1467.1720653201578,1000
2.982700905601104,385.95134951535533,438
2.9621962870204928,252.5173347908826,673
7.5726466188495225,-1056.304696080186,1000
18.845598190535117,-1285.7577534070788,1000
2.985508385885477,5.1588462731332925,881
2.981905578667648,-409.5237661431745,947
2.9618813378259294,353.46895561834356,683
13.183247753728963,-775.7989446576238,1000
2.994784186828291,362.0521408534127,583
2.9250279045021244,172.74342111907725,805
18.046278140820764,-1202.0508199178123,1000
10.308058065623582,-1292.0740601864372,1000
11.719915376432809,-1662.342971652312,1000
2.946471164006439,157.66450004076466,722
2.9821388637445727,-1035.6241714875332,964
2.9859068247482683,572.6225215016588,205
7.067008070540544,-1404.6086310134622,1000
2.9986272533254743,540.7035158368473,488
18.898719404604947,-1271.9751329896426,1000
7.917584470290514,-773.4991496703348,1000
2.985153785083377,447.56160044904124,257
2.9504695723346797,33.668637325521445,670
2.9886579875278803,-5.928517443547037,856
2.975703692548834,131.19376624058447,774
2.992825884077312,411.4116241605918,682
3.3384152982218263,-1265.7622855969287,1000
2.9837619044816903,344.8996643843542,374
2.9811055041573216,222.373025825983,520
2.986398125943527,127.95445265671998,503
2.9689178183045506,280.282744847436,534
2.979824119247818,504.7620991380465,577
4.951870747493959,-3072.180949685517,1000
2.9600727405354537,-233.4729775787572,503
13.554140359260058,-721.3699117204118,1000
2.9706345769631213,377.558656479795,317
13.550435731438599,-1531.04859292141,1000
2.9789219406912295,286.0949330829101,503
2.9854675772386092,366.3446032776732,290
6.194091409131758,-967.5173508166662,1000
2.9806511862085823,297.9957559274398,300
2.9669702520881027,329.28218512324105,582
14.539280699862813,-1299.452200242263,1000
2.967712662319147,-806.0140678478226,951
3.7373395135708156,-1635.2380717754488,1000
2.995240343652093,-78.63787272571403,743
2.957660916360763,224.4181143045264,561
14.00175063646974,-1136.6055569780185,1000
2.9933443507885293,302.8692657353481,465
5.424126795218029,-850.6817013835325,1000
2.9884930366033107,292.7429405243216,418
8.735310939869212,-1518.1669176794012,1000
2.9907599735991752,-155.27679772706153,894
2.9899823609373994,-212.11004317838194,723
4.666973981008745,-1590.4551396871586,1000
2.997605512601876,376.9550123499849,500
2.987306701769282,415.90206167894814,498
2.98435115692225,-361.36847835115645,894
18.100002073660093,-1191.183870866399,1000
9.8882071893462,-1170.3122389960058,1000
2.9809665499009466,83.28417439599934,715
2.9732770303394696,350.1744881202738,240
6.727749662105227,-1054.0153811929697,1000
2.979880343771403,497.66334037151194,123
4.0237435162687625,-1123.8131235273722,1000
2.985817017312637,96.91705278429265,502
13.864232474948237,-1592.180330338804,1000
2.9901716923800756,400.9540499680095,573
2.9716628716856333,426.25915066579125,582
2.992462903820547,-138.80925252456404,905
16.786444290001054,-929.6124082580288,1000
2.985072492610256,282.06461738867125,318
2.966029786135129,194.7450165719536,697
2.989244148257839,-248.8736129001784,957
3.9980155931594092,-568.5254013128914,1000
2.9593787534103844,250.59118688352385,679
11.681235113669574,-1399.2390997870186,1000
2.9824452814503672,383.33527957587523,527
18.315084605499877,-1201.1863252149474,1000
2.9867877605566413,247.9890490246548,628
8.535510896993783,-1277.9765258239968,1000
2.9930798305905837,223.13353989034027,615
18.48735277599576,-1298.0426934770785,1000
2.9495481424156065,29.147721296982695,658
2.9930460842495012,201.84203851098619,779
2.9987813960029785,219.96358759022684,684
18.42773928122316,-1325.3396908139105,1000
2.990352033064083,-63.487495045797345,578
2.974476190033555,290.33546833821686,455
2.999165542912595,177.67962389742416,912
2.954658173451843,145.06304424110618,472
7.408577438137664,-978.75181365561,1000
12.801525476097138,-1417.8793316388605,1000
10.937973321219117,-767.045689600183,1000
2.998874897458521,-244.18286844566012,804
2.999197353260313,54.47936104610733,840
2.9871060768372253,279.20732365427654,284
2.9686525813438984,354.20480418556656,509
2.995011491555467,269.6236452549796,553
15.650641998692457,-1360.724889469751,1000
2.9678020714273186,496.11572031966904,575
2.9940846418733313,-64.56553582641254,575
2.9931725226899992,161.36433951173893,679
2.991304854498513,242.8253756809948,389
14.257462407094613,-1557.805714204269,1000
13.24308904156111,-853.1136495610502,1000
2.9859866048963086,-55.708351925607985,589
2.9850316047521237,444.18636738965245,137
2.9798572909003225,-12.986229296558577,555
17.567376622967945,-1447.4532483940966,1000
2.9745486777680084,-262.15266438060473,789
19.607120446648704,-955.5484916803674,1000
2.9683011881317447,220.09813437347407,782
16.68744838636237,-1456.680345861564,1000
3.0457747789892826,-639.5478359700139,1000
2.9826513419245675,212.29087596524988,333
2.990481063255824,-188.6084107263065,629
4.009621261297764,-791.8852657884077,1000
2.9776018672203723,-225.07186755526516,850
2.9776520603170322,522.6255980039442,479
14.388297793879614,-1141.7722494899263,1000
2.9798795585570743,58.60077243917647,510
14.176469282356619,-1043.9662975026251,1000
2.983281976792939,-177.75170996068073,740
2.977911876969337,325.65234543455784,181
2.9975829983098237,513.673669765346,164
2.984408374821582,296.0667975404158,303
16.77776837650145,-965.9192079509105,1000
2.984864417397738,176.1324133717864,598
2.9537963083913397,264.76781603413417,631
2.972502262035318,446.29506061427116,586
2.99128330058877,320.77540319842427,432
2.998521432077446,35.95944913312002,540
2.9948195571590106,-123.69491743688923,860
2.992464624556591,327.9881710164226,493
2.9554039088310757,274.41189367611514,515
5.111244736749353,-1108.9324154603255,1000
13.008494864422719,-1094.0004915021045,1000
6.009388585803977,-701.7823242011223,1000
2.9529265886509712,428.0936021709237,599
2.975769547192942,-23.492249612228306,641
2.9926371554108866,474.34054523206373,505
2.985880453933646,469.1347154280631,369
2.958830287523492,481.34984445419457,527
2.9768924808327553,410.5543743646626,603
2.9874401502292347,-49.892908064579046,939
2.9977040725650963,137.53245915328569,331
2.999217661071816,458.9131120429129,394
2.988702691245063,-32.02016435685596,905
2.9925202303766865,376.88872176175107,716
3.098378107334545,-394.99182603301085,1000
2.9796754091710884,-332.10566263458406,936
2.9818009430918155,502.1609501314674,592
2.9887635454484083,-152.84543785410062,539
2.997989444522426,459.55470143347486,643
2.9981009668588823,435.8701149624354,426
2.9687221584381214,151.87695162465627,391
18.180132367994496,-1405.7742246716314,1000
2.9984401000818015,320.1849496012757,478
2.989628642128151,485.8032779053118,341
2.9793778935807063,346.8735229601082,535
2.991484371548124,338.71429307650897,198
2.9754423681378883,-193.6972767844079,685
2.962872144118619,398.5609480485968,692
2.9898556177505586,-55.57846658781807,504
2.9856137236146214,495.6255100198143,746
10.75137955417167,-959.8576626513823,1000
19.47970339686308,-1148.6325564704239,1000
2.9609659301767985,334.6046275750747,461
2.993991931812322,-235.0568263386508,924
4.869576318745501,-777.0659956975386,1000
3.270526697598304,-1489.9308342457032,752
2.9520133999051605,389.7944432196282,572
2.9942980838859,479.74904729899333,228
2.9977018448801687,410.1606940709936,537
6.73578618558666,-742.9189823151501,1000
2.979419435235259,303.669606430016,631
9.549100856702333,-1013.1897486858285,1000
2.9830342343954315,-71.09782709073727,657
13.330024042855795,-903.0924822203261,1000
2.970834666688285,323.7019125091435,351
2.976423747545731,406.66809322157286,448
2.9871474575127577,180.26528634634496,827
2.9738211602239244,331.891404188449,830
2.9880658041351165,261.20482210171474,793
5.4833870708189965,-901.1860798780905,1000
6.189047037994814,-480.2596940987911,1000
2.974844663580852,-207.8526813858847,862
2.989189295702048,410.5128327745722,398
2.989249615411376,312.3106170849721,627
2.9950907261661803,535.1422672372714,273
2.999806476992302,124.28682746722677,511
2.973020365614873,-212.71734719403503,868
15.242912557543512,-1425.6344408915486,1000
2.9955313586128027,536.7043183031205,454
9.886459925905083,-665.5860811340914,1000
2.9902043729260455,146.94681808900856,633
5.794277281808846,-592.8688594194828,1000
14.020439153044537,-1062.7695588451925,1000
14.531415593223281,-1076.066098777123,1000
2.963857474814558,420.28227075406613,587
11.332398690560463,-1200.42434017881,1000
2.9436487171671586,514.1278826719016,132
2.9888439337504717,-29.754102481291625,605
15.74602903171597,-1357.2149262470675,1000
2.9833731771881475,550.4133852353236,436
2.971746464126903,-45.3334148316909,729
2.983632480052673,568.9650799549636,459
2.9727045642832084,55.174869296080146,592
2.9889936618241304,309.8270131050149,844
2.9802943401163393,329.36472798427724,276
2.9940184739177886,-889.8397096401056,687
2.978946937866333,496.09440533063554,453
2.9735897677842824,551.7666193022005,467
2.9655703848013206,257.31625347592444,683
2.979101507373752,346.1524273938884,580
5.924058006360037,-607.6028245516915,1000
2.9872862474574,371.26358462630765,634
2.9608010409893395,1.367576882260721,723
2.9796494374812696,289.625512399494,586
2.9547693653560456,479.9005603952694,542
2.965570142710432,356.9660515336962,488
2.9671864392326905,457.82556844297267,644
2.9918642461298557,-29.051855289827813,767
12.329736884249,-1117.1944847817465,1000
6.1775466511953505,-1077.3528039594728,1000
2.990033891598086,-704.1716732414307,939
2.9991820597940797,256.6941765793342,690
2.9786264147560737,311.1516817239076,592
2.9812718684748467,300.329668450446,681
7.816032093970032,-764.0516569215025,1000
15.454379253843472,-909.3509109279169,1000
2.990110947832047,-283.26311796016114,883
2.990107168760462,443.7717847339075,360
2.9586108500402797,-444.73465251302434,990
8.996881349840654,-1030.8616531399211,1000
2.992523482250843,555.125266735381,370
10.597650965521748,-1158.6474492604586,1000
2.9774129424499036,220.0694155134285,743
2.9284394023443965,450.1727657833793,371
16.900424350412848,-1419.97380489427,1000
2.998241404815949,-433.5375203984446,872
2.99093191532591,511.312725509148,97
2.9652037864189835,134.10692205099042,547
2.9788458919593825,55.50137072040491,982
2.961228455801926,513.2489965198782,165
2.993785002775326,417.45292431911884,223
2.995779664165495,-510.7438521075683,982
4.9089809642294195,-1053.617412548323,1000
13.003535275395972,-1256.1917771071514,1000
2.992317217122926,130.3330295889724,854
2.960969749005549,-261.560329060003,971
7.049735210491993,-1250.8081812956136,1000
2.994320037982938,486.248380522988,767
2.9600198892679,403.10228594553644,819
2.9838787878132407,441.3388251707192,577
7.491041450207056,-1197.2827490934674,1000
2.9846872087829848,511.32772553895677,464
2.985682374579384,365.25319756068177,436
8.293861464048106,-1061.6794317331328,1000
2.986444809759496,466.4689183815853,399
2.9806948168105265,159.34084015367426,549
2.999532667087764,301.77213656836363,482
2.986708446070858,-422.85883569044984,886
2.996311066498976,31.415507372790614,535
2.991414866090228,463.61226534096,575
2.9961345029813082,321.47803204546705,248
2.982275947342245,490.4293932826438,410
2.9675592876453005,-66.43484329470493,985
13.086024638895841,-1303.46249635873,1000
2.964550173900722,489.00326115816534,452
15.059935007095644,-1170.0688494210383,1000
2.9852977749252454,-418.9125229951302,733
2.991526344300829,294.67959877051896,542
2.9980433409081026,432.9248760468224,805
3.2661292887118014,-775.0981288044858,1000
7.908194685342274,-917.2514253983301,1000
10.333859261335034,-876.6943558106738,1000
8.642313844056739,-912.6866068748775,1000
2.9654509785952192,495.46089756684137,336
5.633703650073756,-1274.504305803876,1000
2.9721235512784405,503.76890208545467,597
2.9412507160309986,347.35640931469055,826
19.24229694730497,-1414.8423186648606,1000
8.250329874730625,-1135.4263132783078,1000
3.9459006776916175,-644.4447045628448,1000
8.716603682571847,-872.2120598814168,1000
8.348974057958113,-1197.992841821065,1000
2.9990182359089923,424.8058109794382,499
2.984416217051841,470.280689398948,434
2.9745408446120547,548.9202649616906,450
2.9612233149273655,354.79167972378707,491
2.9575476820302926,-200.29237280740995,811
2.993490234766416,28.69149698355426,721
2.9563358885409254,369.18829129138356,461
2.980058115015136,268.6480484793742,682
2.9867205646549766,-392.51906370065126,994
2.9676603540821658,282.23474182266665,543
2.9979682662931157,382.28790102732785,427
2.969623316311458,375.8848630325078,543
2.973929778332777,582.5604645839236,380
2.98794307628546,391.53963274696514,394
2.967162080512488,502.2235636359723,338
2.9606749007584963,-64.77664525890702,880
2.9892007358898804,359.1029797347172,532
2.9924766364629574,-224.10808491995772,905
2.986875340170463,522.1910549558266,420
2.949692565378822,354.37007837566387,556
2.9837897983092416,-16.266475891283335,872
2.966585100436323,450.7787241872841,394
2.9765064276086335,-550.1931227976979,857
2.997355487262036,232.86753081190363,547
2.9980606171533983,370.1828695523776,275
2.993726824805419,-480.3917012879291,976
2.998883159105821,556.9071478556442,476
2.994786700252527,341.2204319488071,755
2.953106633541265,557.4265326319096,464
2.9747060077506435,444.37514562796906,495
17.190926356996712,-1711.1182865253172,1000
2.998424697680772,-413.2591855526024,667
2.9691168281669675,312.65941970399274,762
2.9754295678073426,-144.432219263138,741
2.98695813012354,450.6064404061824,324
17.153713663399145,-1215.8508227919422,1000
6.523289736255342,-888.9161230127614,1000
2.993843741901811,291.2444541419205,671
2.995505154961579,561.9988956391687,687
2.997568556026171,308.78954123731626,536
2.946938535786302,561.3426036436607,365
2.9911307050391898,254.44409894285042,714
2.974007909460274,267.9006746117667,579
12.43220612217809,-839.3989630397209,1000
2.981542883232086,454.2434104509566,411
2.9703727480566173,500.3815016147337,446
13.569297845874093,-878.1974027887954,1000
2.9643758939447467,582.4129218673853,519
16.007342860336774,-1180.7570253029555,1000
2.992927902790321,46.83992677685387,745
7.868659969196499,-934.2255920874196,1000
2.9681140946484694,538.7152516460701,607
13.047619241524542,-1145.0068949236593,1000
9.344065873032424,-1238.2487341073754,1000
16.215584543907067,-1024.782358157332,1000
11.432489479557873,-1007.668277926515,1000
2.9868191307666008,360.0895260333856,381
2.9966038258881627,435.7395968938937,421
15.67913902815363,-971.201750773132,1000
10.472484639281754,-989.3516931543347,1000
14.183144799096459,-1050.44324194147,1000
2.996902936889518,-49.500486673674345,995
2.9768844012900453,382.7931950803699,568
2.9976146392337912,345.92478793227815,225
2.998320478068283,471.63506140540653,617
16.99197398127876,-1235.7990648813488,1000
2.9651960226978193,323.1595731816966,456
11.235418190339326,-1287.7360510703295,1000
6.51058460556678,-652.380642188635,1000
14.726920849635965,-1119.5099753484108,1000
2.998670476405416,203.66937073683465,655
2.989361253324393,485.22370172464383,35
2.965856978881825,339.31051402625326,788
2.9657443733315003,-17.360377847612313,805
2.9469389848196084,-290.086999212161,365
2.979543528403361,510.25692922971047,594
2.9836792080513326,398.41351256830274,696
14.407188324724695,-1332.4777060811043,1000
2.986018421019852,480.856466702018,448
2.9935161935651804,24.23058665434678,854
13.844835296823536,-1033.9637414977453,1000
2.97853643362769,365.515779848283,566
7.382150938447863,-1296.9900215502446,1000
2.9859808768328784,378.04588575865284,623
15.402473938690006,-1135.0235703434137,1000
2.9787125676865758,441.0434654601615,630
2.973178070675428,441.38671477277956,206
2.9843332708947012,-504.45710943371625,707
2.9814717349332964,463.5888504372229,404
11.361844247182567,-1209.6265017503442,1000
9.322657010360722,-1159.0069477778254,1000
16.484588062759066,-671.8081584357062,1000
2.9650423119026796,420.4038358944679,484
8.735010347349192,-687.7108938503027,1000
2.963868079200788,318.94094105212633,337
2.9826322877853753,-36.65175050106461,581
2.9932973984375053,494.5423125006649,431
4.4792181438247445,-660.0367058922301,1000
2.9800620531694495,141.21721989290796,759
15.798051318597286,-1238.9088101798293,1000
2.93061405405834,368.475092087735,452
2.9958003579294155,428.4112875168951,767
6.754689346990778,-1175.124962715752,1000
10.676542652182599,-1071.514896309332,1000
2.9719694787286013,232.3649982323202,672
2.9699820360710123,412.61084757076503,201
2.983601996171856,-421.3098292274834,932
2.976453762453356,413.2543976795037,574
2.994341737066009,214.65091177708928,378
2.973108959389315,365.18913188011237,792
2.995218135885853,-315.6075831047168,793
2.9617385901181366,401.4120370370872,550
2.9715153056333423,440.10060353765454,515
2.9875897290207885,423.2510130015458,524
2.9960269657270238,-32.788221221704816,944
2.9582444713249503,426.8983268396696,462
2.983503039144328,440.9276474367812,580
3.6708015470753264,-867.9158709134913,1000
10.40612323550207,-753.221045369979,1000
2.9913188001015207,325.46762069596497,265
2.948520065633874,-101.59222569575127,861
2.9892709628830563,319.9647195861894,398
2.978219708390773,117.97884049088918,451
6.765629483046539,-1238.2624382335791,1000
2.963258114077331,379.03624455344533,320
3.1354396412693095,-527.2358137967872,1000
4.523244577650074,-1006.1269390982684,1000
2.9837790338132835,453.87814146040574,395
2.979769121457935,524.6637492127398,180
2.9745861766888164,-266.8244100396299,878
13.194779449524782,-1297.086676636078,1000
2.9884486107986215,113.24517407408399,813
2.989082199708707,84.13067212151441,922
4.251347612491576,-501.83254107064033,1000
2.9809112476989585,357.7683714986098,534
2.9937852445437305,474.1930485141989,299
2.956445910527361,23.628486638968127,655
2.9937444648979272,316.7405246313645,481
15.472802303075191,-1185.2088608183763,1000
2.9835597233918736,503.7503499689037,310
6.974112984900853,-942.674304761626,1000
13.195635538004906,-846.6861683254057,1000
2.9889471139072215,85.9703090935119,762
2.953216692531754,478.8668254214545,436
2.9808687427942955,481.06545150698,526
2.9512659213509345,489.4696991868508,621
2.9987830522067487,42.294249227994385,689
2.998376768009651,297.1904869479632,756
6.296833933667345,-774.017692070596,1000
3.8009559362069547,-498.5758327594643,1000
2.9601455979469318,-438.5515997076409,943
2.9783090114336193,139.5883230016563,347
2.98620746044793,72.9483593620497,650
2.9977400253707183,-209.54079620984328,845
2.996755090061479,215.63341849959323,557
14.76140940950658,-1142.6104256100577,1000
6.198071718834653,-1003.6015756954891,1000
17.480621700964498,-1066.5494145237037,1000
7.5645791211971565,-480.2036815119145,1000
2.9869361880076797,541.697348623078,387
2.9597602392855635,356.23832061390067,529
9.232525016713815,-1005.6253100400011,1000
14.74839706793133,-1103.218017681184,1000
2.993237535832203,53.08093189072747,795
2.970236055211366,-378.79803828947956,998
9.433595618613374,-1094.6685865314,1000
2.987326129507201,315.4312006156762,691
2.96418567122957,219.20857325176314,618
2.980828077709189,329.3281409922413,504
4.958691231090731,-1105.700061132369,1000
2.9879672407601294,497.84896707728416,340
2.982527653939544,190.90521852873462,182
2.99421440438351,-209.58688972808648,719
2.9841990766123603,390.3468565803869,648
4.299681663517625,-960.712535239813,1000
7.203111871881222,-1008.5239743264294,1000
9.048999268295837,-1363.1021316456133,1000
2.9394285910817697,470.1834465964389,213
3.2094514500893205,-698.2763510710289,1000
2.985640637002498,369.33290065282023,407
2.9671953858432154,342.46941084286107,566
2.9860480072371165,258.7705511529683,647
3.8256441379278288,-1004.9494336674221,1000
2.978687912130547,423.1524446492891,502
2.9715544465659747,471.2533908448431,526
2.969069612017198,433.6854936550865,449
2.967308604634428,106.82177713726276,910
2.9845006621617047,574.3209027159119,475
2.9768908727467176,510.87430415751953,271
2.9838452981647827,194.29110749412922,625
17.022651503460207,-1138.9327402519455,1000
2.979845378685568,-851.2604454804994,846
2.9638768296318574,379.5547483072641,724
2.9498094185946724,-18.379419969120363,579
16.987791420861647,-1046.9337647030452,1000
9.104460934827436,-837.2283365296929,1000
2.959623971713692,243.45559747810933,416
2.9900867145220147,7.394587056808632,796
2.907862181430268,548.8979162442739,224
2.988328493401556,411.96602302657885,25
18.215344888412925,-1113.2542834860672,1000
2.9958173799279657,319.3727768277928,200
2.9701401731524153,436.6307946551508,276
2.9639479638412216,237.5489279357808,620
2.9993582056454193,-456.0676596255065,997
2.9783663534925178,592.3470303212383,325
11.157335132756035,-667.2427003344453,1000
2.9815636608129954,258.25944738648855,550
2.9721321134567464,414.7716652119396,424
2.9623604368927836,229.98749249196578,494
2.9700863897783663,379.93926505567003,762
3.700128877795656,-663.8923950776269,1000
2.9554392914174548,-410.44434527162184,725
4.523120003929646,-694.9182625195139,1000
4.474957438311344,-1126.323488794969,1000
2.980883233897035,308.7256651624196,243
2.9758808354396193,-3.6099912031116332,706
2.9687124824029207,-375.60787134640486,770
2.9539503002964267,199.8251739839331,596
8.153592870003871,-959.0266224728251,1000
2.9844070611077984,430.5601163951418,444
2.9941863102521724,370.0604912863985,464
2.9976535800418684,404.5635588937737,475
10.492116198781595,-864.0741724279859,1000
2.9825129352714863,464.5232787209065,573
2.9993738616902546,235.22214311237417,599
2.9828393870044496,264.16764356095007,692
2.9599106191108917,360.12635074069476,550
2.965956836654555,406.1894257387306,436
2.9746092976215652,535.9790127659494,299
8.483640602964094,-1025.910644696611,1000
5.8299286359647295,-1064.7619786776038,1000
2.958872187824869,486.6234606957689,645
2.9651064273428465,280.6313007755315,405
2.9929938878068945,421.9008643246017,336
6.785095081857907,-825.1924750861936,1000
2.9482669676080926,413.8804222970889,308
5.1280672030175145,-1014.0584385295772,1000
2.993034079021878,45.3186325189954,904
14.414379621304306,-1158.4306528307918,1000
2.999113018537705,243.63580347093682,648
2.997434904954578,308.1044434484944,610
9.111989082778665,-909.2586184357544,1000
6.318793210529283,-945.5858909484521,1000
2.9995932537189596,345.2682845672847,764
4.3746599645001165,-1191.3608158040186,1000
2.989262965933829,521.5826487961759,112
8.408965667128799,-1103.9658247166012,1000
2.997230452821435,517.7253718573251,237
2.9336248220982215,547.7987144852068,336
2.999559444031564,-197.8287086156305,936
2.971602352684423,38.79871838566271,520
2.9874173877566257,465.2440640286038,514
2.9971062231441854,-407.9476420980818,823
2.93461767907628,389.65628276684623,825
6.280331476180039,-1109.2000129789942,1000
2.9909824812314665,158.24918855505405,572
2.983712887927126,108.18630805361937,707
2.972520469602571,346.4712083551053,700
2.976900993425624,464.29888624749435,698
3.47469693571542,-571.5686032740948,1000
14.633025211033564,-1325.5708700271352,1000
10.737142038466953,-1104.7862307331884,1000
2.979530683777389,-158.41419388818383,717
2.9881095540717957,-234.20333685646744,769
3.508776749182805,-506.0792615502255,1000
2.9695771246575906,221.09488889064409,468
15.744555464138951,-1428.742164431124,1000
2.962838973426577,368.5250638956197,567
2.997245689532105,398.39000620263744,260
2.9591939491014947,562.7653144594238,522
